4
18
19
20
21
27
80
85
98
102
106
135
143
146
158
166
176
181
185
207
267
270
306
315
354
380
414
454
464
466
483
490
501
516
517
523
545
545
546
547
551
585
603
621
644
664
702
706
753
759
763
779
796
803
805
806
829
835
837
860
860
866
891
904
909
917
919
920
924
944
954
961
970
976
980
985
991
999
1001
1004
1007
1043
1049
1063
1072
1099
1107
1110
1115
1120
1127
1127
1132
1151
1158
1200
1211
1224
1234
1250
1287
1293
1334
1344
1351
1362
1372
1387
1407
1420
1432
1444
1449
1475
1483
1501
1513
1521
1532
1550
1561
1561
1563
1571
1586
1586
1608
1609
1617
1623
1630
1655
1658
1667
1684
1706
1709
1750
1756
1761
1761
1762
1767
1773
1785
1798
1798
1798
1799
1833
1846
1892
1911
1912
1918
1935
1940
1942
1950
1962
1988
1997
2020
2032
2038
2062
2070
2074
2090
2137
2138
2146
2162
2167
2175
2181
2184
2223
2254
2254
2277
2281
2283
2288
2305
2312
2333
2369
2370
2377
2392
2401
2403
2405
2453
2467
2475
2487
2490
2506
2510
2516
2519
2587
2597
2601
2617
2623
2645
2646
2679
2730
2742
2759
2760
2822
2828
2836
2838
2847
2850
2855
2882
2891
2895
2928
2936
2938
2946
2984
3008
3058
3060
3068
3069
3071
3076
3077
3085
3088
3088
3089
3110
3118
3136
3138
3139
3145
3167
3180
3209
3225
3227
3240
3244
3266
3271
3288
3297
3301
3308
3325
3329
3379
3386
3394
3400
3408
3414
3456
3477
3478
3487
3495
3499
3499
3589
3631
3640
3656
3659
3677
3683
3695
3698
3701
3741
3749
3755
3759
3768
3770
3776
3827
3855
3856
3889
3903
3904
3930
3939
3969
3975
3980
4006
4008
4012
4051
4054
4061
4075
4077
4085
4098
4107
4112
4136
4172
4194
4199
4210
4212
4230
4244
4247
4247
4260
4265
4271
4273
4300
4302
4312
4317
4326
4327
4332
4333
4342
4344
4370
4387
4390
4396
4430
4434
4446
4486
4496
4499
4504
4518
4533
4543
4555
4559
4583
4587
4630
4634
4650
4661
4661
4665
4686
4688
4703
4712
4726
4733
4735
4750
4752
4759
4769
4786
4788
4807
4810
4812
4829
4842
4842
4848
4858
4883
4884
4892
4896
4899
4908
4924
4929
4956
4956
4984
4995
5000
5012
5014
5048
5074
5097
5110
5114
5120
5136
5137
5140
5150
5179
5214
5215
5223
5227
5249
5251
5255
5297
5298
5324
5333
5342
5345
5349
5362
5385
5402
5411
5418
5422
5443
5470
5472
5478
5497
5516
5516
5520
5525
5529
5530
5541
5572
5580
5587
5594
5597
5611
5633
5635
5636
5640
5658
5669
5679
5696
5738
5755
5779
5816
5826
5844
5848
5850
5859
5870
5870
5881
5893
5922
5927
5937
5957
6006
6007
6012
6051
6078
6080
6083
6085
6098
6113
6128
6148
6162
6173
6191
6193
6207
6214
6215
6221
6226
6263
6311
6320
6326
6354
6355
6368
6372
6373
6373
6396
6399
6403
6406
6429
6439
6462
6472
6479
6496
6498
6500
6510
6511
6525
6539
6543
6563
6566
6571
6573
6581
6588
6607
6609
6609
6628
6629
6637
6649
6667
6670
6674
6693
6694
6720
6725
6771
6778
6793
6812
6812
6832
6902
6923
6934
6945
6964
7002
7031
7044
7054
7059
7062
7062
7088
7089
7113
7128
7129
7140
7150
7151
7163
7163
7189
7199
7210
7230
7272
7275
7276
7280
7281
7305
7329
7336
7344
7356
7381
7394
7428
7456
7457
7470
7492
7501
7502
7504
7510
7543
7548
7602
7609
7682
7726
7733
7739
7758
7758
7770
7780
7803
7811
7841
7852
7887
7898
7918
7928
7960
7992
8002
8016
8017
8020
8027
8040
8045
8047
8057
8068
8070
8127
8138
8197
8205
8206
8263
8273
8286
8289
8289
8297
8310
8325
8352
8465
8466
8471
8472
8480
8501
8511
8531
8536
8541
8585
8609
8628
8631
8643
8643
8649
8688
8695
8711
8717
8724
8744
8744
8759
8783
8792
8802
8813
8814
8817
8824
8826
8827
8834
8834
8839
8842
8866
8896
8907
8937
8945
8955
8972
8991
8993
9006
9046
9071
9095
9111
9129
9138
9174
9175
9182
9188
9194
9211
9242
9253
9264
9264
9284
9308
9320
9331
9335
9339
9346
9394
9395
9396
9420
9434
9435
9451
9452
9463
9468
9473
9478
9501
9503
9504
9505
9505
9511
9524
9527
9529
9547
9575
9587
9611
9625
9631
9636
9664
9749
9754
9761
9768
9772
9778
9797
9810
9810
9842
9843
9873
9878
9884
9887
9916
9923
9943
9945
9955
9955
9987
9998
10026
10027
10061
10078
10081
10095
10098
10114
10133
10134
10145
10150
10160
10169
10172
10187
10192
10194
10215
10230
10233
10251
10273
10285
10287
10289
10295
10329
10340
10342
10355
10368
10368
10390
10395
10417
10431
10442
10448
10455
10471
10476
10497
10499
10501
10526
10528
10542
10575
10597
10646
10649
10659
10664
10666
10674
10675
10685
10713
10748
10825
10826
10845
10861
10881
10893
10910
10917
10921
10922
10934
10934
10936
10989
11017
11026
11048
11057
11066
11071
11074
11075
11086
11087
11110
11111
11111
11121
11121
11141
11144
11164
11192
11197
11211
11214
11219
11221
11251
11254
11272
11286
11288
11295
11297
11301
11314
11322
11322
11327
11363
11401
11422
11450
11475
11480
11503
11524
11528
11548
11560
11580
11584
11589
11592
11601
11608
11614
11617
11629
11648
11652
11662
11663
11683
11685
11703
11714
11783
11789
11803
11810
11825
11829
11840
11864
11864
11889
11907
11917
11949
11949
11970
11973
11976
11994
12011
12037
12039
12108
12127
12162
12166
12189
12217
12227
12233
12234
12251
12286
12297
12298
12328
12360
12374
12381
12390
12393
12400
12414
12430
12440
12443
12479
12482
12500
12532
12543
12563
12587
12596
12612
12626
12633
12677
12683
12686
12699
12735
12744
12784
12797
12805
12811
12820
12844
12844
12856
12886
12893
12895
12896
12914
12916
12920
12943
12953
12958
12961
12975
12978
12991
12996
13023
13045
13051
13068
13070
13087
13090
13122
13124
13130
13143
13147
13156
13165
13170
13195
13198
13198
13199
13211
13239
13239
13241
13283
13288
13292
13300
13305
13314
13317
13343
13343
13365
13369
13388
13394
13424
13434
13456
13477
13485
13489
13499
13504
13521
13529
13530
13534
13538
13580
13580
13589
13609
13613
13620
13635
13639
13644
13647
13648
13663
13669
13682
13702
13728
13739
13756
13767
13773
13775
13802
13828
13838
13900
13903
13912
13914
13924
13925
13933
13951
13957
13985
13986
13987
13992
14001
14012
14018
14048
14053
14059
14073
14104
14115
14142
14151
14166
14176
14179
14183
14185
14188
14251
14274
14291
14311
14311
14320
14359
14386
14397
14400
14416
14417
14420
14422
14423
14424
14429
14433
14433
14475
14502
14509
14511
14517
14525
14530
14565
14595
14603
14623
14640
14648
14652
14673
14686
14705
14733
14770
14780
14787
14801
14806
14811
14817
14820
14830
14832
14839
14866
14870
14885
14907
14910
14911
14913
14933
14937
14948
14948
14955
14958
14975
14982
14983
15025
15026
15031
15097
15100
15121
15127
15131
15147
15154
15181
15229
15232
15248
15260
15271
15280
15287
15291
15325
15346
15356
15370
15376
15381
15388
15393
15393
15425
15438
15451
15460
15467
15484
15506
15524
15526
15529
15548
15560
15571
15580
15598
15617
15623
15627
15627
15654
15654
15658
15665
15684
15684
15690
15695
15703
15716
15717
15740
15771
15781
15786
15797
15797
15804
15805
15830
15845
15859
15887
15894
15897
15903
15914
15954
15956
15960
15961
15964
15965
15971
15979
15983
16001
16011
16011
16025
16042
16048
16069
16071
16098
16129
16156
16163
16192
16203
16218
16254
16271
16274
16275
16295
16324
16352
16355
16368
16377
16386
16401
16407
16429
16479
16496
16499
16549
16566
16568
16570
16596
16610
16618
16639
16642
16654
16665
16676
16676
16677
16722
16731
16760
16801
16812
16814
16819
16839
16855
16858
16865
16870
16873
16917
16920
16926
16941
16962
16962
16969
16969
17013
17015
17029
17033
17037
17069
17076
17080
17100
17114
17119
17126
17129
17146
17167
17174
17215
17221
17233
17236
17254
17264
17286
17317
17333
17351
17358
17364
17379
17392
17393
17408
17410
17435
17450
17464
17476
17477
17477
17481
17527
17533
17544
17548
17555
17565
17566
17568
17578
17594
17616
17629
17650
17650
17673
17677
17689
17694
17701
17709
17712
17720
17721
17752
17797
17804
17806
17809
17817
17823
17851
17859
17886
17887
17901
17925
17946
17954
17975
18009
18066
18088
18115
18117
18126
18140
18151
18156
18160
18171
18174
18175
18183
18202
18203
18215
18231
18242
18253
18268
18292
18293
18299
18300
18308
18327
18334
18335
18343
18350
18374
18385
18395
18399
18406
18410
18426
18437
18442
18445
18457
18458
18484
18489
18495
18501
18507
18514
18522
18529
18539
18548
18581
18584
18584
18592
18603
18619
18623
18647
18658
18667
18675
18678
18683
18695
18705
18719
18720
18727
18758
18766
18779
18790
18796
18805
18818
18823
18835
18853
18900
18904
18922
18928
18936
18945
18953
18964
18967
18970
18981
19017
19028
19054
19072
19077
19093
19096
19124
19132
19144
19156
19159
19170
19180
19223
19229
19245
19283
19285
19288
19291
19297
19308
19337
19355
19355
19358
19363
19373
19398
19399
19401
19401
19423
19432
19437
19447
19461
19474
19477
19495
19504
19519
19553
19573
19583
19607
19613
19645
19647
19660
19687
19697
19699
19706
19709
19709
19726
19735
19746
19756
19762
19792
19799
19814
19840
19843
19858
19861
19896
19902
19925
19933
19942
19942
19942
19952
19965
19968
19975
19991
19995
20002
20007
20008
20021
20043
20055
20079
20095
20106
20108
20108
20115
20138
20184
20197
20210
20211
20211
20227
20227
20234
20244
20265
20282
20295
20297
20311
20311
20335
20353
20359
20409
20423
20425
20428
20459
20470
20472
20526
20543
20546
20579
20596
20626
20627
20642
20643
20660
20665
20671
20677
20693
20709
20712
20713
20734
20745
20752
20759
20775
20779
20803
20812
20821
20828
20830
20841
20842
20875
20882
20908
20914
20932
20949
20957
20957
20962
20964
20968
20981
20985
20994
21007
21012
21019
21025
21046
21055
21060
21062
21086
21089
21114
21118
21157
21163
21171
21171
21173
21174
21181
21190
21200
21317
21324
21355
21363
21370
21404
21410
21450
21450
21452
21464
21468
21470
21484
21486
21504
21523
21527
21540
21562
21562
21590
21604
21622
21623
21664
21679
21679
21712
21713
21721
21737
21750
21776
21781
21781
21796
21801
21809
21842
21848
21854
21855
21874
21874
21880
21898
21913
21921
21948
21980
21985
22003
22022
22034
22073
22090
22092
22097
22120
22125
22149
22161
22162
22173
22191
22192
22216
22228
22233
22247
22280
22292
22336
22352
22353
22354
22355
22364
22366
22380
22381
22393
22400
22407
22438
22438
22443
22447
22470
22495
22499
22521
22539
22557
22575
22578
22590
22604
22610
22611
22619
22656
22664
22685
22687
22702
22735
22753
22757
22757
22759
22765
22766
22767
22773
22780
22794
22807
22812
22812
22821
22826
22833
22850
22871
22902
22907
22910
22956
22974
22982
23003
23004
23025
23033
23043
23049
23069
23091
23097
23099
23101
23116
23120
23121
23133
23139
23172
23176
23184
23207
23210
23216
23232
23235
23237
23250
23275
23292
23294
23318
23328
23330
23335
23344
23352
23361
23365
23380
23401
23466
23473
23491
23496
23515
23550
23552
23553
23553
23559
23567
23620
23635
23638
23652
23671
23695
23718
23747
23754
23810
23839
23854
23909
23937
23948
23959
23987
24009
24014
24022
24041
24044
24047
24066
24068
24085
24104
24107
24109
24143
24155
24160
24164
24166
24180
24180
24182
24188
24189
24203
24206
24221
24233
24261
24277
24298
24303
24306
24307
24317
24322
24376
24389
24396
24396
24404
24418
24421
24425
24427
24428
24460
24470
24480
24509
24532
24535
24539
24547
24550
24550
24567
24600
24601
24610
24632
24642
24662
24672
24690
24695
24718
24718
24723
24735
24745
24746
24767
24781
24790
24794
24794
24798
24831
24865
24922
24938
24949
24958
24978
24990
25007
25008
25038
25048
25048
25055
25068
25091
25124
25130
25165
25166
25185
25190
25194
25195
25200
25209
25211
25211
25222
25244
25260
25261
25261
25265
25269
25309
25318
25325
25327
25361
25366
25369
25373
25374
25413
25419
25423
25427
25438
25468
25476
25481
25482
25482
25518
25541
25568
25589
25604
25634
25635
25655
25673
25724
25736
25747
25756
25775
25784
25786
25786
25793
25808
25809
25834
25838
25843
25857
25864
25877
25912
25912
25913
25915
25930
25931
25983
25987
25989
26016
26039
26063
26081
26113
26116
26120
26120
26139
26154
26162
26164
26175
26194
26197
26214
26244
26247
26252
26282
26293
26295
26297
26314
26368
26370
26386
26387
26396
26402
26424
26426
26437
26440
26441
26443
26452
26458
26495
26497
26539
26541
26541
26548
26553
26561
26585
26586
26601
26638
26648
26660
26667
26668
26672
26677
26680
26681
26681
26687
26687
26713
26717
26802
26830
26856
26858
26860
26861
26876
26880
26896
26905
26917
26937
26951
26961
26977
26978
26988
27001
27024
27028
27056
27081
27091
27098
27113
27132
27145
27149
27161
27170
27170
27197
27208
27232
27233
27234
27239
27267
27270
27321
27349
27351
27354
27385
27393
27403
27406
27415
27418
27420
27425
27433
27462
27473
27519
27541
27545
27550
27556
27557
27572
27579
27594
27600
27623
27626
27639
27653
27671
27683
27687
27696
27718
27734
27737
27756
27764
27767
27770
27775
27790
27791
27800
27803
27809
27811
27843
27844
27859
27869
27912
27918
27927
27951
27982
27994
28004
28011
28036
28051
28059
28074
28081
28086
28091
28091
28117
28117
28122
28128
28132
28150
28170
28185
28192
28225
28228
28251
28254
28267
28317
28320
28337
28346
28361
28366
28375
28384
28389
28394
28408
28420
28422
28441
28454
28454
28495
28498
28499
28509
28523
28543
28548
28571
28596
28608
28620
28647
28648
28677
28695
28695
28714
28715
28740
28750
28757
28786
28793
28796
28800
28831
28845
28853
28855
28870
28887
28914
28921
28924
28926
28930
28932
28952
28957
28967
28972
28984
28996
29001
29008
29033
29039
29043
29052
29054
29079
29112
29113
29127
29129
29133
29152
29157
29157
29157
29162
29168
29179
29221
29230
29238
29268
29284
29286
29287
29290
29290
29291
29319
29330
29332
29355
29369
29369
29379
29404
29414
29446
29462
29462
29482
29520
29535
29536
29538
29544
29560
29561
29581
29595
29596
29604
29612
29613
29653
29658
29719
29744
29751
29752
29763
29777
29782
29820
29833
29839
29881
29887
29898
29911
29922
29929
29948
29967
29988
29996
30001
30004
30016
30031
30072
30090
30101
30103
30126
30138
30148
30149
30150
30172
30201
30208
30220
30223
30223
30242
30243
30252
30277
30286
30297
30312
30325
30331
30381
30385
30386
30403
30414
30435
30436
30441
30441
30444
30458
30468
30469
30489
30503
30504
30511
30533
30534
30543
30569
30578
30583
30593
30597
30603
30621
30639
30684
30713
30714
30714
30727
30730
30763
30770
30796
30826
30842
30884
30898
30935
30941
30958
31001
31016
31039
31057
31072
31089
31089
31129
31149
31181
31218
31228
31237
31249
31278
31296
31312
31322
31322
31360
31364
31374
31392
31399
31404
31405
31410
31415
31418
31433
31433
31454
31457
31473
31475
31477
31485
31486
31489
31496
31513
31526
31529
31532
31533
31534
31539
31551
31596
31597
31604
31604
31610
31620
31622
31630
31635
31649
31654
31666
31679
31721
31724
31745
31758
31759
31768
31772
31783
31824
31850
31855
31867
31903
31912
31917
31927
31930
31957
31966
31986
32036
32037
32057
32079
32103
32122
32143
32149
32155
32167
32168
32170
32170
32187
32196
32204
32207
32247
32257
32257
32260
32261
32267
32274
32286
32300
32304
32321
32330
32352
32356
32358
32362
32373
32403
32445
32449
32472
32486
32496
32507
32510
32519
32540
32547
32571
32573
32583
32587
32592
32610
32649
32656
32658
32660
32663
32669
32688
32727
32735
32750
32752

