25
70
81
82
100
101
135
138
144
155
166
167
168
168
210
216
227
230
246
294
305
324
327
346
349
357
383
390
397
401
419
463
465
484
504
510
512
532
533
541
546
548
551
553
584
590
603
607
613
618
620
622
633
659
661
669
674
675
691
693
716
724
733
751
752
753
776
794
795
795
797
802
829
830
864
869
894
922
926
928
977
1006
1013
1038
1042
1073
1091
1097
1107
1107
1138
1146
1152
1164
1166
1175
1177
1189
1195
1197
1204
1215
1228
1234
1255
1281
1281
1286
1309
1320
1330
1333
1341
1381
1395
1399
1407
1408
1408
1422
1425
1428
1437
1438
1460
1465
1471
1478
1497
1517
1520
1537
1538
1541
1570
1590
1599
1622
1626
1637
1646
1652
1655
1679
1693
1696
1712
1732
1750
1756
1766
1781
1820
1828
1852
1886
1915
1921
1922
1936
1947
1954
1984
1990
2067
2068
2068
2073
2092
2099
2124
2142
2143
2148
2166
2191
2194
2205
2222
2225
2226
2233
2243
2244
2252
2254
2258
2271
2271
2273
2305
2333
2356
2367
2387
2434
2443
2509
2512
2526
2528
2541
2542
2561
2583
2594
2602
2606
2635
2637
2640
2644
2644
2689
2698
2708
2762
2768
2780
2815
2832
2855
2871
2902
2907
2913
2920
2971
2972
2973
3048
3070
3096
3102
3122
3132
3136
3143
3153
3164
3185
3200
3215
3257
3277
3340
3344
3390
3414
3430
3430
3452
3459
3463
3482
3495
3499
3509
3512
3525
3559
3577
3586
3589
3598
3607
3616
3627
3634
3637
3654
3660
3666
3704
3708
3714
3731
3753
3770
3774
3778
3781
3791
3816
3823
3835
3841
3857
3858
3862
3870
3924
3925
3934
3937
3940
3960
3962
3969
3987
3996
4017
4024
4041
4041
4057
4067
4074
4081
4089
4090
4111
4119
4126
4134
4145
4192
4193
4199
4221
4230
4261
4278
4309
4309
4325
4326
4332
4346
4348
4354
4359
4385
4389
4393
4401
4408
4427
4445
4447
4449
4453
4455
4465
4465
4468
4491
4494
4509
4536
4554
4571
4610
4650
4657
4664
4676
4701
4708
4721
4724
4776
4780
4803
4814
4822
4831
4839
4844
4848
4877
4878
4912
4935
4937
4986
4994
5004
5011
5012
5023
5029
5031
5039
5046
5053
5057
5065
5075
5078
5082
5083
5116
5127
5136
5152
5167
5212
5223
5227
5263
5296
5301
5315
5343
5345
5348
5355
5379
5384
5385
5394
5400
5413
5413
5429
5467
5495
5502
5506
5512
5520
5527
5559
5569
5587
5596
5604
5604
5654
5663
5670
5685
5686
5713
5720
5749
5757
5761
5776
5820
5841
5868
5871
5890
5912
5915
5934
5940
5956
5997
6025
6041
6045
6049
6062
6107
6122
6129
6132
6153
6164
6167
6177
6185
6211
6244
6258
6269
6271
6280
6287
6289
6301
6307
6309
6311
6314
6322
6324
6346
6352
6359
6363
6368
6400
6411
6431
6442
6461
6490
6492
6497
6509
6528
6557
6560
6586
6599
6614
6624
6628
6631
6641
6659
6662
6713
6731
6748
6764
6790
6802
6807
6812
6833
6852
6858
6863
6876
6936
6937
6948
6948
7027
7032
7033
7035
7036
7062
7080
7091
7093
7095
7097
7105
7113
7119
7132
7139
7150
7152
7161
7171
7178
7223
7234
7234
7247
7258
7276
7301
7302
7313
7330
7332
7336
7359
7370
7404
7408
7410
7411
7426
7428
7451
7454
7465
7471
7474
7492
7493
7494
7513
7536
7538
7539
7563
7568
7578
7592
7601
7606
7620
7650
7673
7673
7702
7718
7730
7740
7760
7765
7770
7776
7786
7790
7795
7796
7823
7824
7825
7834
7845
7849
7852
7860
7874
7894
7899
7946
7955
7961
7964
7965
7979
7983
7986
7990
7993
8030
8034
8050
8063
8112
8113
8132
8135
8168
8174
8270
8277
8294
8299
8304
8313
8316
8333
8339
8343
8347
8359
8359
8372
8381
8399
8412
8414
8435
8439
8448
8465
8477
8497
8522
8523
8536
8537
8548
8548
8554
8564
8590
8614
8619
8638
8638
8650
8699
8724
8726
8728
8733
8759
8832
8836
8857
8883
8890
8902
8911
8929
8975
8983
8998
9001
9012
9017
9026
9044
9045
9055
9077
9086
9117
9140
9143
9146
9155
9160
9182
9188
9200
9201
9215
9217
9221
9225
9231
9232
9248
9257
9261
9271
9287
9287
9295
9320
9339
9347
9354
9366
9397
9403
9403
9458
9463
9495
9510
9525
9551
9551
9557
9565
9588
9594
9599
9601
9618
9624
9643
9662
9695
9701
9714
9725
9729
9802
9812
9840
9856
9868
9870
9892
9901
9903
9916
9939
9951
9969
10005
10014
10017
10023
10030
10036
10037
10045
10047
10051
10085
10108
10121
10123
10123
10124
10141
10151
10158
10160
10163
10203
10211
10267
10270
10284
10301
10307
10309
10332
10341
10359
10373
10376
10376
10376
10422
10433
10483
10492
10504
10535
10587
10590
10603
10611
10612
10629
10630
10635
10645
10648
10660
10716
10729
10729
10729
10752
10777
10785
10801
10804
10807
10810
10817
10818
10823
10834
10843
10859
10867
10868
10889
10904
10916
10917
10917
10936
10953
10953
10969
10971
10975
10977
10988
10998
10999
11024
11056
11061
11069
11085
11088
11105
11137
11145
11160
11165
11168
11169
11171
11176
11221
11239
11240
11243
11277
11286
11289
11290
11291
11293
11296
11302
11346
11350
11366
11376
11396
11401
11413
11443
11455
11485
11489
11529
11539
11542
11550
11567
11575
11591
11611
11627
11685
11721
11723
11743
11746
11772
11786
11787
11797
11827
11857
11866
11889
11890
11891
11919
11928
11932
11947
11949
11953
11958
11984
11996
12024
12029
12049
12056
12078
12081
12083
12111
12143
12143
12148
12155
12157
12178
12180
12236
12265
12274
12289
12315
12324
12332
12333
12335
12343
12344
12352
12353
12359
12361
12362
12381
12396
12400
12401
12410
12418
12426
12432
12468
12482
12491
12494
12520
12528
12539
12546
12563
12566
12569
12579
12600
12604
12627
12638
12647
12675
12701
12711
12713
12722
12724
12733
12759
12782
12790
12795
12805
12818
12827
12874
12878
12887
12888
12914
12942
12948
12968
12970
12974
12983
13010
13021
13030
13042
13056
13077
13094
13101
13108
13118
13122
13136
13144
13180
13185
13199
13213
13225
13233
13258
13259
13272
13277
13301
13306
13310
13312
13334
13373
13390
13396
13401
13406
13407
13427
13433
13435
13449
13461
13462
13465
13466
13469
13474
13485
13514
13517
13534
13552
13567
13574
13575
13577
13589
13591
13594
13594
13606
13634
13643
13653
13714
13736
13760
13777
13822
13835
13845
13859
13872
13886
13899
13901
13913
13931
13957
13961
13989
13996
13997
14030
14048
14053
14061
14069
14081
14084
14087
14096
14103
14149
14183
14187
14187
14192
14196
14203
14228
14250
14251
14252
14253
14256
14257
14287
14303
14320
14363
14370
14383
14384
14393
14423
14431
14447
14448
14476
14483
14485
14496
14518
14520
14543
14547
14551
14552
14559
14560
14578
14583
14587
14589
14590
14597
14622
14628
14671
14688
14689
14690
14707
14738
14747
14756
14764
14790
14794
14814
14848
14854
14860
14895
14898
14904
14914
14927
15018
15034
15038
15054
15059
15076
15080
15087
15091
15099
15109
15132
15144
15171
15179
15185
15190
15201
15204
15215
15220
15226
15245
15289
15319
15343
15348
15361
15391
15406
15421
15425
15431
15477
15485
15507
15507
15516
15532
15546
15548
15562
15594
15598
15604
15605
15606
15607
15612
15616
15622
15634
15640
15644
15658
15670
15685
15688
15696
15697
15704
15704
15723
15724
15738
15748
15750
15791
15793
15814
15819
15851
15871
15872
15875
15878
15885
15898
15905
15910
15930
15936
15959
15978
15983
15984
15988
15989
15992
15995
16002
16005
16026
16048
16056
16070
16071
16095
16100
16113
16116
16133
16152
16156
16178
16194
16207
16221
16230
16242
16249
16276
16278
16280
16339
16360
16376
16404
16417
16427
16438
16447
16449
16464
16471
16492
16524
16526
16540
16570
16585
16589
16608
16619
16639
16642
16655
16661
16664
16672
16674
16674
16677
16679
16696
16716
16722
16743
16747
16752
16785
16799
16808
16816
16842
16862
16881
16911
16914
16937
16940
16971
16971
17003
17015
17028
17037
17054
17084
17109
17110
17111
17111
17119
17122
17159
17169
17176
17210
17213
17226
17243
17250
17251
17272
17281
17308
17336
17337
17337
17351
17356
17364
17436
17447
17453
17471
17505
17526
17538
17538
17556
17575
17593
17596
17637
17655
17657
17675
17703
17720
17728
17740
17745
17757
17762
17769
17774
17774
17785
17792
17792
17796
17824
17842
17855
17860
17912
17916
17937
17940
17943
17971
17997
18022
18049
18055
18063
18066
18071
18083
18087
18098
18110
18118
18119
18127
18136
18141
18144
18149
18173
18191
18193
18232
18235
18247
18256
18271
18280
18296
18305
18326
18348
18348
18351
18354
18358
18362
18375
18377
18380
18405
18417
18428
18448
18457
18464
18469
18470
18474
18477
18489
18495
18500
18527
18556
18572
18618
18637
18688
18690
18691
18692
18708
18717
18722
18726
18728
18759
18760
18824
18840
18845
18909
18913
18918
18932
18951
18963
18971
18977
18980
18981
18985
18986
18997
19012
19012
19022
19027
19030
19031
19033
19038
19040
19078
19086
19087
19093
19096
19097
19107
19110
19113
19117
19129
19136
19156
19168
19195
19195
19207
19218
19218
19240
19241
19243
19255
19279
19282
19295
19296
19322
19325
19348
19355
19363
19370
19390
19405
19408
19414
19419
19426
19442
19455
19455
19458
19465
19468
19472
19481
19484
19485
19486
19497
19505
19520
19521
19524
19535
19574
19584
19597
19598
19605
19610
19615
19654
19658
19667
19674
19676
19676
19686
19687
19699
19705
19711
19718
19719
19726
19744
19759
19760
19804
19814
19829
19840
19845
19849
19858
19878
19889
19903
19905
19917
19924
19931
19948
19955
19975
19997
19999
19999
20003
20021
20046
20056
20065
20070
20092
20109
20118
20122
20144
20152
20168
20181
20183
20187
20193
20208
20225
20248
20258
20282
20283
20297
20299
20305
20311
20322
20323
20335
20337
20343
20393
20395
20429
20447
20454
20491
20500
20503
20514
20522
20539
20561
20569
20573
20580
20581
20593
20601
20650
20662
20670
20676
20678
20685
20690
20692
20694
20709
20730
20744
20746
20760
20771
20776
20785
20793
20803
20828
20841
20851
20851
20865
20866
20885
20889
20923
20926
20955
20966
21012
21026
21030
21034
21055
21072
21084
21088
21113
21118
21137
21160
21162
21174
21175
21191
21195
21197
21216
21275
21294
21296
21308
21314
21341
21380
21382
21405
21424
21426
21426
21448
21486
21486
21519
21556
21557
21568
21578
21578
21578
21582
21620
21635
21637
21646
21666
21695
21706
21714
21757
21765
21783
21786
21813
21819
21825
21845
21854
21859
21866
21878
21889
21906
21952
21962
21970
21972
21978
21998
22015
22021
22023
22026
22052
22059
22067
22075
22077
22129
22133
22148
22156
22181
22207
22224
22225
22231
22237
22259
22273
22273
22286
22303
22309
22322
22325
22359
22379
22391
22401
22406
22416
22432
22442
22460
22485
22488
22497
22520
22520
22529
22536
22541
22562
22575
22585
22601
22610
22632
22645
22651
22658
22669
22681
22690
22702
22704
22719
22734
22774
22777
22781
22785
22789
22793
22838
22852
22907
22945
22963
22975
22981
22982
22992
23002
23008
23054
23062
23074
23085
23092
23092
23103
23112
23118
23119
23120
23130
23144
23152
23178
23203
23233
23244
23272
23289
23310
23315
23334
23334
23342
23351
23374
23408
23415
23419
23423
23437
23442
23451
23454
23469
23472
23487
23522
23525
23527
23553
23565
23567
23574
23581
23621
23624
23628
23645
23648
23664
23684
23685
23687
23707
23722
23735
23738
23753
23762
23768
23781
23785
23829
23834
23845
23873
23883
23892
23892
23898
23902
23902
23929
23930
23961
24007
24012
24019
24044
24044
24046
24051
24058
24070
24071
24102
24133
24155
24157
24160
24163
24174
24182
24196
24196
24211
24221
24231
24254
24262
24263
24265
24269
24280
24301
24303
24308
24324
24334
24359
24360
24368
24383
24384
24393
24394
24396
24404
24410
24461
24463
24467
24503
24535
24544
24574
24580
24587
24595
24599
24600
24602
24628
24635
24647
24652
24691
24714
24743
24743
24768
24781
24796
24810
24822
24832
24836
24841
24843
24852
24863
24879
24950
24974
24987
24988
24998
25032
25043
25047
25051
25052
25092
25093
25114
25115
25135
25135
25137
25140
25145
25157
25205
25217
25227
25230
25234
25251
25260
25276
25281
25297
25309
25367
25385
25402
25417
25429
25450
25461
25481
25484
25508
25527
25528
25529
25531
25546
25554
25573
25603
25616
25617
25631
25648
25666
25674
25693
25718
25720
25722
25739
25756
25758
25780
25790
25790
25800
25836
25844
25846
25863
25865
25866
25881
25902
25903
25905
25912
25941
25942
25951
25951
25961
25992
26000
26006
26009
26017
26071
26084
26096
26097
26102
26105
26120
26123
26142
26157
26178
26194
26219
26228
26229
26236
26236
26267
26295
26298
26308
26329
26333
26337
26339
26360
26361
26370
26374
26375
26388
26391
26398
26400
26419
26451
26454
26465
26467
26505
26507
26522
26543
26553
26553
26559
26569
26571
26589
26620
26638
26643
26663
26670
26673
26687
26702
26719
26757
26757
26765
26770
26795
26821
26832
26858
26871
26884
26888
26897
26912
26933
26938
26945
26953
26968
26975
26991
27020
27024
27025
27029
27049
27093
27094
27124
27134
27145
27149
27151
27166
27173
27178
27182
27188
27204
27214
27240
27244
27252
27259
27278
27286
27306
27311
27313
27396
27424
27446
27457
27458
27459
27464
27474
27476
27510
27536
27538
27544
27558
27559
27579
27580
27612
27636
27691
27703
27708
27711
27717
27730
27760
27766
27779
27814
27846
27874
27884
27885
27886
27895
27912
27924
27938
27940
27948
27957
27963
27968
27970
27986
27986
27989
27995
28005
28010
28012
28030
28040
28059
28099
28106
28115
28118
28132
28139
28141
28171
28178
28179
28181
28185
28188
28188
28205
28207
28240
28249
28260
28262
28279
28286
28351
28351
28357
28372
28392
28419
28432
28436
28439
28452
28471
28474
28474
28487
28490
28494
28518
28524
28538
28545
28551
28563
28565
28569
28589
28596
28614
28638
28670
28710
28720
28736
28738
28752
28770
28783
28801
28801
28819
28836
28839
28853
28859
28871
28877
28880
28883
28913
28931
28987
28989
29003
29070
29080
29100
29106
29111
29113
29119
29145
29166
29170
29173
29231
29257
29264
29270
29274
29277
29279
29300
29303
29332
29334
29340
29342
29345
29346
29390
29399
29411
29444
29451
29461
29470
29483
29504
29513
29514
29518
29518
29538
29541
29550
29562
29589
29625
29666
29694
29695
29707
29720
29746
29754
29766
29779
29780
29789
29801
29805
29832
29836
29840
29842
29851
29863
29877
29919
29932
29948
29958
29973
30020
30034
30083
30085
30087
30126
30126
30143
30148
30153
30197
30240
30252
30282
30306
30350
30354
30361
30369
30371
30381
30382
30396
30410
30420
30428
30442
30452
30456
30460
30472
30481
30482
30495
30507
30517
30545
30578
30600
30603
30614
30625
30627
30631
30633
30636
30641
30646
30656
30658
30664
30665
30666
30735
30746
30749
30759
30768
30770
30780
30781
30785
30826
30873
30886
30905
30909
30935
30937
30958
30963
30983
30991
30998
31046
31046
31055
31058
31089
31096
31107
31113
31135
31139
31139
31168
31175
31186
31189
31190
31191
31197
31204
31245
31269
31296
31302
31363
31367
31370
31403
31427
31468
31468
31490
31490
31494
31499
31502
31509
31572
31586
31604
31613
31632
31655
31675
31680
31692
31695
31699
31728
31730
31788
31796
31807
31833
31845
31847
31857
31860
31869
31882
31889
31900
31921
31936
31953
31964
31975
31983
31986
31991
32021
32027
32048
32063
32078
32097
32098
32101
32111
32116
32122
32134
32151
32152
32163
32192
32197
32206
32209
32215
32220
32229
32235
32246
32260
32286
32296
32301
32312
32315
32343
32356
32380
32382
32383
32391
32413
32429
32429
32434
32446
32458
32474
32485
32490
32508
32545
32574
32590
32592
32609
32617
32631
32640
32654
32675
32676
32699
32700
32701
32722
32732
32733
32744

