36
43
43
45
50
69
72
77
81
94
123
141
142
146
161
179
200
216
220
237
245
252
253
255
265
275
288
312
315
328
341
362
371
408
421
433
435
445
446
502
505
516
525
527
534
554
579
587
595
622
654
677
695
713
722
732
733
763
778
821
827
835
836
861
872
915
938
945
957
969
992
1042
1050
1062
1097
1124
1189
1198
1209
1268
1279
1282
1304
1308
1317
1327
1328
1369
1389
1401
1407
1486
1519
1535
1536
1549
1553
1563
1566
1592
1593
1607
1628
1630
1697
1708
1744
1751
1757
1758
1781
1785
1794
1794
1798
1810
1813
1827
1834
1839
1849
1854
1874
1877
1901
1932
1936
1944
1956
1958
1962
1970
1978
1987
1990
2011
2020
2023
2026
2033
2040
2040
2044
2097
2101
2136
2141
2149
2193
2194
2216
2217
2246
2246
2251
2256
2272
2283
2288
2298
2308
2310
2316
2346
2346
2358
2360
2369
2380
2394
2400
2414
2436
2444
2447
2460
2460
2471
2472
2488
2495
2498
2509
2540
2540
2556
2597
2623
2627
2631
2639
2645
2654
2655
2658
2677
2685
2693
2702
2743
2756
2783
2785
2811
2812
2825
2843
2847
2850
2851
2886
2891
2893
2894
2903
2904
2907
2910
2924
2941
2944
2947
2982
2984
2991
3004
3007
3021
3026
3029
3048
3052
3057
3058
3091
3094
3101
3156
3182
3208
3227
3267
3268
3280
3310
3345
3400
3406
3433
3436
3437
3452
3454
3463
3471
3481
3484
3498
3498
3501
3520
3527
3555
3560
3598
3601
3601
3615
3637
3640
3642
3665
3667
3668
3669
3693
3694
3698
3719
3723
3725
3740
3752
3754
3762
3790
3795
3816
3839
3843
3863
3879
3903
3907
3916
3925
3926
3928
3972
3985
3994
3997
4015
4018
4018
4025
4030
4034
4038
4051
4055
4056
4071
4096
4097
4144
4146
4160
4165
4171
4198
4215
4234
4235
4247
4251
4255
4273
4281
4283
4317
4321
4330
4334
4338
4364
4372
4397
4397
4399
4409
4411
4466
4471
4498
4509
4510
4513
4520
4535
4554
4564
4573
4577
4592
4599
4601
4613
4646
4650
4657
4659
4664
4664
4668
4687
4706
4725
4725
4730
4738
4752
4755
4767
4778
4802
4814
4818
4822
4825
4830
4835
4891
4897
4904
4922
4926
4955
4971
4990
5031
5037
5057
5089
5107
5116
5127
5142
5173
5181
5186
5205
5206
5221
5224
5226
5247
5249
5268
5271
5297
5307
5320
5328
5338
5373
5373
5431
5434
5482
5498
5509
5511
5513
5515
5570
5578
5582
5591
5591
5600
5649
5656
5663
5668
5680
5684
5689
5689
5695
5714
5728
5730
5738
5753
5755
5758
5773
5777
5795
5809
5824
5832
5842
5870
5871
5891
5913
5929
5951
5974
5989
5994
6007
6015
6025
6038
6053
6054
6061
6085
6104
6126
6133
6152
6180
6181
6212
6220
6222
6224
6232
6236
6248
6259
6274
6298
6302
6318
6331
6383
6401
6401
6406
6419
6423
6426
6432
6449
6475
6497
6504
6518
6529
6545
6554
6563
6607
6621
6638
6641
6648
6656
6662
6663
6667
6667
6679
6687
6726
6786
6802
6814
6816
6817
6817
6854
6860
6866
6890
6913
6938
6945
6973
6974
6996
6996
6998
7009
7013
7014
7020
7022
7028
7031
7069
7083
7084
7099
7126
7136
7141
7160
7173
7192
7201
7202
7208
7219
7256
7256
7304
7305
7329
7345
7356
7375
7390
7392
7404
7423
7429
7432
7451
7452
7476
7507
7517
7520
7530
7575
7577
7586
7606
7612
7621
7643
7653
7662
7682
7687
7689
7690
7700
7744
7753
7783
7829
7860
7892
7897
7900
7905
7909
7913
7929
7933
7934
7939
7946
7950
7979
7985
7998
8004
8016
8086
8090
8098
8118
8124
8127
8131
8139
8191
8202
8235
8250
8258
8261
8268
8281
8305
8318
8320
8327
8349
8369
8396
8402
8409
8418
8432
8433
8439
8455
8460
8479
8479
8488
8490
8498
8505
8535
8537
8542
8543
8556
8559
8583
8602
8605
8608
8610
8634
8647
8670
8692
8696
8709
8719
8724
8725
8726
8742
8757
8764
8835
8845
8852
8854
8854
8865
8885
8909
8930
8947
8950
8955
8960
8993
8994
8996
8998
9004
9031
9057
9057
9060
9062
9081
9100
9103
9107
9150
9161
9165
9189
9202
9209
9232
9233
9240
9242
9246
9267
9281
9283
9288
9298
9306
9312
9330
9334
9352
9356
9360
9362
9379
9399
9416
9461
9475
9500
9511
9511
9517
9520
9546
9558
9587
9611
9620
9621
9626
9634
9660
9679
9684
9697
9710
9751
9753
9755
9762
9779
9779
9788
9801
9807
9826
9839
9884
9887
9893
9905
9925
9934
9942
9950
9965
9973
9983
10006
10037
10053
10053
10065
10087
10089
10096
10099
10146
10186
10195
10212
10216
10217
10240
10248
10258
10267
10281
10281
10295
10296
10300
10308
10315
10340
10342
10366
10380
10383
10399
10402
10410
10425
10427
10445
10458
10459
10461
10476
10498
10515
10516
10550
10555
10558
10563
10572
10576
10603
10629
10632
10641
10642
10657
10663
10673
10700
10730
10730
10731
10746
10749
10759
10771
10776
10780
10783
10787
10795
10807
10816
10826
10856
10861
10874
10879
10916
10925
10935
10957
10962
10978
10979
10992
11010
11022
11048
11058
11101
11101
11115
11138
11140
11141
11152
11179
11198
11204
11207
11215
11232
11234
11239
11245
11249
11292
11304
11328
11331
11340
11352
11368
11400
11404
11405
11412
11413
11440
11451
11457
11461
11466
11466
11467
11468
11470
11471
11490
11490
11499
11510
11522
11546
11560
11604
11632
11639
11640
11646
11648
11663
11672
11675
11677
11713
11747
11749
11749
11755
11767
11782
11790
11799
11813
11862
11891
11900
11908
11911
11920
11947
11969
11973
11976
11984
12033
12037
12095
12107
12116
12116
12122
12122
12127
12137
12154
12207
12208
12233
12234
12245
12266
12274
12300
12307
12314
12315
12338
12352
12371
12381
12387
12395
12413
12416
12446
12447
12490
12491
12518
12524
12524
12538
12551
12580
12593
12653
12679
12690
12721
12742
12754
12789
12807
12816
12821
12825
12852
12867
12868
12882
12893
12937
12973
12985
12985
13009
13012
13013
13023
13060
13070
13075
13081
13113
13123
13147
13173
13175
13210
13220
13231
13233
13273
13273
13279
13291
13314
13322
13342
13361
13369
13369
13374
13392
13399
13408
13419
13434
13447
13463
13499
13499
13503
13510
13546
13546
13558
13560
13570
13590
13605
13616
13618
13639
13645
13654
13656
13665
13672
13679
13692
13701
13729
13748
13752
13761
13767
13775
13791
13807
13824
13833
13843
13857
13873
13874
13891
13914
13948
13948
13949
13951
13957
13960
13975
13985
13985
14004
14008
14033
14036
14081
14086
14093
14103
14117
14118
14122
14131
14135
14136
14158
14163
14173
14179
14186
14193
14211
14227
14231
14237
14239
14251
14255
14255
14259
14260
14263
14277
14292
14297
14299
14300
14307
14312
14317
14341
14350
14352
14353
14368
14370
14371
14387
14409
14440
14450
14461
14462
14474
14482
14487
14488
14491
14511
14514
14519
14541
14548
14565
14569
14575
14585
14601
14611
14612
14613
14613
14626
14629
14648
14658
14659
14699
14702
14729
14745
14778
14805
14805
14830
14855
14873
14874
14901
14923
14931
14942
14944
14954
14974
14978
14981
15016
15049
15053
15054
15075
15091
15097
15097
15112
15119
15132
15138
15149
15198
15204
15214
15218
15252
15272
15272
15277
15279
15293
15311
15318
15326
15327
15332
15337
15338
15362
15368
15369
15415
15438
15439
15449
15453
15453
15460
15462
15493
15519
15532
15554
15559
15594
15598
15598
15610
15660
15674
15677
15683
15684
15722
15728
15748
15782
15794
15815
15823
15826
15829
15837
15842
15843
15872
15874
15875
15886
15921
15923
15923
15950
15960
15971
15979
15983
15993
15995
15999
16010
16043
16050
16051
16077
16082
16099
16110
16111
16115
16116
16131
16144
16152
16153
16156
16158
16162
16178
16185
16192
16202
16202
16202
16220
16305
16309
16325
16327
16355
16375
16410
16442
16466
16476
16514
16526
16531
16537
16556
16569
16585
16597
16616
16623
16635
16635
16652
16656
16662
16675
16679
16686
16765
16785
16807
16816
16817
16842
16851
16858
16871
16886
16896
16917
16942
16947
16949
16996
16998
17023
17029
17047
17057
17069
17087
17088
17114
17131
17133
17134
17135
17163
17178
17232
17237
17237
17243
17251
17275
17391
17394
17397
17414
17421
17439
17443
17451
17458
17464
17475
17478
17486
17487
17490
17508
17535
17598
17612
17649
17650
17665
17672
17675
17716
17724
17731
17734
17752
17768
17782
17805
17812
17820
17834
17835
17839
17851
17883
17929
17934
17953
17953
17955
17968
17971
17990
17995
18001
18004
18085
18122
18124
18124
18131
18137
18156
18168
18169
18175
18177
18177
18193
18198
18219
18225
18269
18272
18275
18284
18301
18321
18364
18371
18371
18417
18417
18418
18423
18446
18457
18465
18474
18485
18485
18493
18502
18522
18548
18556
18611
18646
18653
18666
18699
18716
18736
18764
18768
18776
18779
18783
18803
18845
18850
18851
18854
18878
18878
18879
18881
18891
18895
18947
18947
18953
18954
18956
18962
18969
18976
19010
19041
19044
19046
19047
19058
19079
19092
19094
19095
19096
19135
19138
19191
19197
19218
19222
19232
19274
19292
19311
19327
19329
19362
19365
19388
19459
19471
19477
19481
19498
19512
19521
19539
19552
19559
19564
19585
19618
19641
19650
19683
19755
19757
19757
19760
19776
19809
19830
19843
19844
19874
19876
19882
19894
19901
19948
19955
19956
19960
19967
19989
20024
20030
20056
20062
20068
20075
20093
20097
20120
20126
20130
20132
20133
20145
20161
20185
20188
20198
20201
20205
20207
20210
20229
20230
20238
20239
20240
20247
20254
20266
20304
20314
20334
20339
20350
20358
20370
20392
20423
20424
20431
20471
20499
20507
20521
20529
20531
20561
20617
20618
20630
20636
20640
20642
20655
20657
20658
20666
20669
20690
20693
20731
20743
20745
20751
20761
20764
20780
20790
20799
20811
20821
20821
20823
20825
20848
20858
20878
20908
20909
20914
20941
20955
20963
20969
20980
20987
20989
20990
21013
21026
21031
21046
21054
21054
21062
21071
21081
21091
21114
21119
21140
21146
21147
21155
21163
21190
21199
21208
21213
21235
21269
21294
21296
21323
21349
21364
21367
21371
21383
21408
21416
21452
21461
21473
21492
21501
21508
21522
21530
21579
21583
21589
21593
21601
21602
21603
21617
21645
21648
21659
21679
21685
21698
21701
21728
21733
21741
21758
21763
21768
21780
21783
21794
21803
21818
21823
21835
21861
21886
21943
21957
21965
21977
21982
22019
22025
22039
22052
22068
22078
22081
22097
22105
22120
22129
22155
22164
22190
22193
22227
22239
22243
22251
22298
22345
22350
22352
22363
22369
22389
22410
22417
22430
22431
22436
22453
22456
22458
22467
22490
22495
22537
22550
22576
22605
22616
22622
22640
22665
22666
22667
22678
22679
22681
22699
22701
22705
22706
22712
22745
22754
22755
22760
22770
22801
22811
22815
22847
22867
22876
22901
22926
22927
22984
23008
23033
23038
23060
23081
23103
23105
23112
23117
23121
23124
23128
23137
23166
23176
23179
23210
23216
23236
23251
23253
23292
23327
23327
23328
23352
23361
23361
23399
23406
23451
23465
23471
23478
23507
23512
23514
23536
23560
23575
23584
23598
23614
23641
23657
23663
23673
23677
23687
23696
23701
23720
23727
23729
23748
23754
23781
23793
23796
23805
23831
23846
23872
23911
23932
23940
23962
23968
23971
23990
23998
24011
24016
24048
24057
24065
24077
24110
24116
24128
24131
24138
24178
24199
24209
24220
24225
24229
24272
24278
24283
24287
24299
24306
24318
24321
24327
24331
24338
24346
24347
24370
24394
24431
24439
24445
24460
24478
24490
24490
24494
24503
24525
24544
24564
24576
24576
24604
24628
24644
24652
24655
24660
24667
24670
24672
24674
24690
24695
24695
24701
24709
24713
24750
24756
24759
24793
24806
24857
24868
24888
24901
24914
24936
24937
24945
24945
24946
24983
25016
25029
25039
25051
25054
25080
25082
25096
25122
25131
25143
25192
25235
25236
25241
25258
25276
25319
25330
25343
25354
25386
25399
25400
25408
25411
25437
25457
25461
25464
25477
25481
25490
25503
25504
25511
25512
25540
25550
25566
25570
25577
25589
25610
25617
25625
25671
25691
25715
25734
25768
25784
25791
25794
25799
25804
25807
25814
25819
25831
25856
25858
25864
25888
25923
25938
25943
25959
25966
25982
25982
25982
26001
26019
26043
26068
26069
26079
26083
26119
26139
26153
26155
26173
26186
26209
26218
26226
26230
26234
26262
26271
26273
26304
26319
26334
26338
26350
26366
26367
26370
26378
26385
26387
26389
26403
26411
26411
26413
26416
26427
26439
26450
26459
26475
26495
26496
26502
26504
26513
26514
26523
26524
26526
26534
26560
26578
26599
26601
26605
26615
26623
26644
26685
26693
26705
26712
26759
26786
26789
26797
26799
26814
26869
26911
26984
26985
26996
27013
27017
27043
27058
27080
27091
27100
27125
27130
27132
27145
27146
27165
27181
27196
27200
27205
27212
27231
27236
27244
27254
27275
27280
27287
27315
27339
27365
27368
27388
27401
27403
27433
27438
27460
27476
27477
27495
27495
27498
27501
27523
27532
27558
27570
27572
27577
27597
27598
27655
27675
27688
27726
27730
27737
27754
27768
27773
27779
27779
27780
27793
27795
27801
27801
27842
27847
27849
27861
27862
27876
27884
27899
27902
27917
27922
27923
27923
27931
27939
27953
27986
27988
27997
28003
28017
28025
28028
28057
28060
28060
28071
28081
28092
28101
28130
28130
28167
28188
28205
28208
28233
28245
28252
28265
28267
28285
28291
28300
28301
28422
28450
28456
28463
28468
28468
28469
28474
28477
28491
28491
28498
28506
28513
28519
28523
28526
28539
28543
28552
28566
28580
28588
28597
28601
28602
28606
28616
28645
28648
28658
28667
28670
28670
28671
28682
28685
28692
28702
28707
28726
28754
28755
28782
28789
28796
28823
28838
28844
28848
28861
28883
28906
28911
28916
28931
28939
28949
28952
28957
28958
28959
28961
28969
28970
28989
29010
29019
29024
29035
29052
29062
29073
29079
29081
29099
29104
29146
29147
29155
29156
29193
29216
29224
29227
29233
29250
29256
29265
29272
29274
29274
29274
29277
29298
29315
29327
29341
29344
29351
29357
29363
29381
29383
29385
29385
29385
29390
29393
29437
29441
29460
29467
29489
29490
29491
29514
29520
29542
29548
29572
29596
29597
29611
29636
29647
29655
29664
29673
29681
29684
29687
29688
29693
29720
29723
29723
29729
29775
29789
29823
29831
29838
29866
29869
29873
29879
29880
29915
29915
29920
29928
29935
29952
29952
29955
29960
29982
29984
30012
30018
30059
30070
30093
30104
30110
30112
30113
30144
30175
30190
30197
30215
30235
30278
30281
30281
30284
30287
30290
30304
30355
30375
30391
30416
30417
30438
30468
30489
30505
30506
30511
30516
30527
30527
30543
30544
30558
30612
30640
30669
30684
30692
30694
30698
30698
30704
30710
30750
30760
30778
30778
30803
30806
30831
30833
30842
30844
30849
30853
30857
30858
30863
30869
30896
30912
30913
30914
30923
30928
30940
30959
30981
30983
31003
31011
31013
31018
31050
31068
31070
31083
31086
31092
31106
31117
31131
31138
31139
31183
31183
31204
31207
31215
31243
31265
31289
31322
31332
31347
31363
31369
31372
31406
31441
31445
31447
31473
31480
31485
31489
31493
31515
31524
31550
31551
31564
31565
31566
31584
31596
31605
31608
31610
31610
31616
31641
31645
31648
31663
31673
31684
31697
31718
31728
31759
31770
31777
31779
31815
31818
31820
31831
31841
31852
31855
31866
31901
31903
31923
31924
31927
31929
31946
31956
31958
31961
31974
31974
32005
32034
32037
32040
32044
32069
32085
32094
32107
32117
32155
32176
32179
32192
32208
32211
32216
32218
32226
32239
32240
32245
32252
32263
32269
32303
32308
32315
32315
32326
32333
32337
32347
32369
32373
32374
32382
32392
32402
32437
32449
32453
32478
32498
32516
32519
32521
32546
32569
32570
32572
32584
32584
32596
32603
32612
32619
32635
32670
32672
32691
32713
32713
32715
32739

