6
32
45
47
60
74
82
91
114
116
124
142
145
159
166
169
206
215
218
221
225
225
241
257
265
284
289
313
317
322
326
331
337
341
350
382
385
385
388
400
401
429
452
471
476
478
489
498
517
525
536
538
581
595
596
610
621
631
659
696
697
698
721
731
764
774
777
779
804
816
837
839
841
850
859
864
878
879
888
930
936
936
960
983
984
991
993
1001
1004
1027
1035
1061
1070
1090
1105
1110
1111
1134
1137
1142
1154
1164
1165
1169
1201
1213
1217
1223
1226
1237
1250
1283
1285
1286
1289
1294
1316
1351
1373
1385
1391
1392
1400
1403
1405
1405
1409
1425
1445
1453
1459
1466
1470
1485
1504
1535
1538
1550
1561
1572
1603
1607
1609
1616
1629
1657
1664
1685
1690
1695
1697
1722
1735
1759
1780
1796
1814
1850
1893
1940
1944
1960
2012
2016
2018
2037
2040
2049
2053
2065
2091
2127
2138
2139
2171
2172
2183
2218
2234
2243
2247
2274
2275
2296
2334
2358
2376
2383
2409
2415
2445
2471
2489
2530
2533
2535
2575
2584
2587
2594
2636
2653
2659
2662
2672
2683
2693
2706
2724
2726
2746
2766
2767
2767
2790
2799
2802
2804
2814
2818
2860
2871
2878
2892
2930
2933
2965
3028
3046
3050
3061
3063
3082
3092
3109
3109
3117
3119
3125
3131
3193
3203
3203
3209
3245
3264
3287
3293
3309
3325
3332
3338
3345
3358
3364
3370
3375
3389
3396
3427
3442
3476
3492
3494
3496
3511
3517
3541
3553
3562
3562
3565
3567
3570
3583
3602
3628
3629
3639
3652
3664
3669
3687
3691
3693
3702
3706
3716
3733
3740
3752
3758
3773
3777
3865
3866
3895
3914
3920
3947
3971
3985
3989
4005
4011
4018
4024
4034
4051
4056
4059
4061
4106
4118
4124
4125
4126
4127
4136
4143
4150
4150
4177
4182
4185
4190
4215
4247
4249
4263
4268
4268
4271
4274
4304
4325
4334
4344
4349
4351
4358
4361
4382
4392
4428
4448
4451
4456
4461
4478
4486
4514
4554
4563
4572
4597
4612
4622
4644
4670
4676
4692
4694
4695
4721
4726
4735
4743
4748
4748
4750
4775
4784
4809
4827
4829
4831
4836
4863
4867
4868
4870
4877
4909
4920
4937
4947
4980
4985
4988
4989
4995
5010
5033
5044
5064
5070
5092
5120
5128
5149
5150
5166
5185
5191
5209
5213
5215
5223
5235
5236
5239
5246
5249
5251
5290
5302
5380
5387
5390
5400
5403
5406
5410
5424
5425
5452
5576
5576
5582
5587
5599
5607
5609
5629
5644
5650
5657
5678
5712
5746
5746
5757
5757
5783
5825
5827
5859
5862
5874
5892
5897
5900
5900
5926
5937
5939
5945
5950
5950
5952
5957
6034
6042
6059
6059
6083
6092
6100
6115
6129
6134
6143
6146
6185
6219
6221
6224
6237
6267
6272
6281
6298
6312
6326
6329
6330
6368
6374
6382
6395
6450
6471
6472
6485
6512
6514
6527
6531
6532
6538
6545
6571
6580
6608
6618
6641
6644
6683
6686
6693
6697
6700
6700
6703
6713
6722
6737
6737
6740
6763
6766
6793
6796
6805
6813
6835
6840
6847
6853
6864
6878
6905
6916
6938
6939
6953
6975
7005
7027
7036
7064
7076
7093
7096
7097
7112
7119
7131
7139
7139
7148
7177
7178
7203
7209
7255
7277
7288
7294
7313
7314
7327
7347
7354
7405
7422
7430
7439
7442
7448
7481
7484
7495
7501
7501
7542
7565
7579
7603
7608
7613
7617
7619
7621
7623
7626
7639
7643
7646
7660
7665
7665
7666
7671
7672
7700
7706
7767
7767
7772
7778
7798
7804
7806
7848
7860
7860
7866
7875
7907
7910
7915
7934
7952
7955
7976
7977
7978
7986
7988
8002
8006
8009
8012
8012
8014
8021
8030
8040
8041
8041
8058
8063
8105
8121
8140
8167
8176
8178
8184
8203
8204
8224
8231
8232
8253
8278
8286
8294
8295
8299
8304
8318
8334
8356
8366
8368
8384
8413
8419
8422
8426
8454
8457
8469
8487
8505
8507
8513
8518
8547
8553
8573
8579
8581
8582
8587
8597
8615
8625
8637
8647
8683
8688
8691
8698
8700
8745
8752
8752
8754
8764
8786
8825
8831
8835
8842
8853
8862
8868
8888
8890
8891
8906
8920
8929
8960
8963
8985
8994
8995
8998
9017
9024
9029
9054
9090
9100
9104
9107
9119
9134
9136
9157
9199
9200
9210
9216
9222
9229
9264
9270
9283
9284
9286
9305
9316
9329
9346
9349
9365
9367
9368
9370
9374
9383
9401
9408
9423
9430
9443
9483
9489
9503
9533
9538
9555
9556
9561
9568
9578
9602
9625
9630
9636
9638
9652
9664
9686
9691
9720
9742
9768
9780
9810
9812
9829
9833
9837
9838
9871
9888
9890
9900
9902
9912
9914
9916
9927
9932
9937
9939
9960
9967
9992
10003
10016
10020
10025
10028
10042
10048
10076
10085
10115
10128
10140
10169
10185
10185
10220
10224
10270
10271
10310
10313
10315
10321
10336
10342
10368
10381
10399
10415
10425
10427
10434
10439
10445
10454
10475
10490
10515
10515
10545
10556
10557
10563
10583
10603
10607
10616
10631
10637
10642
10655
10656
10659
10673
10683
10688
10693
10695
10697
10705
10721
10740
10741
10746
10779
10803
10803
10808
10820
10821
10847
10850
10861
10897
10906
10907
10911
10922
10932
10938
10951
10973
10976
10988
11002
11017
11028
11048
11055
11071
11080
11085
11089
11106
11120
11123
11134
11153
11153
11158
11165
11171
11178
11192
11212
11217
11219
11222
11234
11242
11242
11246
11247
11277
11289
11300
11303
11306
11337
11340
11380
11393
11411
11422
11441
11443
11446
11449
11451
11457
11509
11509
11520
11571
11590
11591
11596
11614
11617
11660
11662
11662
11668
11670
11677
11715
11724
11726
11728
11745
11751
11764
11769
11782
11801
11836
11837
11841
11856
11867
11896
11925
11932
11934
11935
11968
12007
12022
12045
12046
12047
12050
12067
12074
12086
12141
12141
12151
12158
12169
12178
12184
12188
12193
12194
12210
12210
12218
12270
12284
12287
12288
12300
12328
12345
12366
12373
12398
12414
12423
12451
12467
12475
12489
12489
12490
12515
12530
12563
12568
12570
12572
12605
12606
12617
12622
12628
12636
12648
12657
12677
12686
12694
12694
12719
12732
12739
12740
12756
12758
12770
12796
12817
12820
12822
12827
12829
12846
12864
12869
12874
12879
12886
12900
12916
12928
12937
12938
12954
12955
12964
12977
12983
12988
12989
12991
13041
13049
13064
13065
13071
13092
13119
13121
13124
13131
13142
13163
13171
13177
13194
13199
13210
13222
13237
13238
13241
13258
13265
13327
13333
13343
13373
13412
13451
13476
13490
13506
13510
13536
13542
13559
13570
13574
13626
13633
13651
13665
13686
13708
13749
13751
13775
13798
13819
13821
13825
13839
13846
13851
13852
13878
13898
13920
13926
13931
13950
13950
14003
14011
14019
14024
14029
14042
14043
14067
14077
14082
14101
14106
14112
14132
14135
14149
14158
14177
14184
14190
14192
14211
14241
14242
14259
14282
14318
14335
14354
14361
14361
14366
14373
14376
14394
14435
14448
14468
14482
14487
14506
14519
14543
14549
14551
14559
14565
14581
14616
14622
14622
14628
14635
14654
14657
14664
14681
14703
14750
14754
14790
14810
14811
14822
14865
14876
14883
14885
14908
14918
14918
14925
14939
14949
14949
14958
14963
14964
14972
14991
14993
14995
15003
15019
15027
15046
15048
15051
15052
15071
15076
15076
15085
15086
15105
15108
15127
15128
15148
15173
15217
15218
15222
15255
15260
15279
15296
15299
15300
15309
15309
15328
15334
15338
15340
15356
15364
15373
15377
15404
15408
15415
15419
15446
15464
15469
15470
15496
15502
15505
15521
15527
15529
15553
15554
15566
15568
15582
15593
15615
15622
15623
15632
15648
15653
15659
15660
15679
15712
15714
15723
15733
15735
15744
15769
15796
15807
15810
15811
15814
15815
15832
15874
15876
15879
15879
15881
15905
15914
15916
15920
15931
15933
15954
15962
15972
15982
15993
16003
16033
16041
16060
16064
16068
16083
16112
16206
16239
16266
16272
16290
16312
16326
16353
16358
16374
16416
16430
16448
16459
16473
16503
16503
16516
16522
16523
16525
16528
16550
16555
16564
16574
16585
16588
16622
16624
16657
16659
16660
16666
16673
16689
16691
16691
16692
16698
16724
16724
16726
16736
16737
16764
16772
16786
16791
16798
16829
16844
16845
16861
16919
16928
16930
16931
16935
16936
16939
16948
16953
16971
16994
17003
17005
17041
17053
17061
17069
17081
17110
17115
17142
17165
17168
17182
17184
17192
17223
17240
17245
17274
17281
17283
17293
17300
17309
17335
17352
17353
17359
17398
17402
17412
17415
17417
17428
17430
17457
17473
17476
17476
17485
17497
17522
17534
17551
17571
17580
17601
17619
17635
17639
17640
17682
17682
17683
17706
17715
17736
17737
17796
17799
17800
17818
17829
17840
17851
17864
17871
17874
17905
17922
17925
17937
17944
17953
17962
17979
18014
18019
18024
18060
18062
18065
18071
18121
18135
18149
18149
18173
18192
18261
18270
18282
18296
18317
18331
18341
18363
18367
18383
18417
18429
18450
18471
18486
18486
18534
18543
18543
18563
18582
18591
18596
18626
18659
18675
18690
18709
18711
18712
18737
18753
18755
18774
18795
18814
18823
18839
18849
18851
18913
18933
18962
18969
18975
18986
18990
18999
19018
19020
19020
19027
19047
19080
19102
19107
19117
19129
19153
19178
19187
19188
19191
19215
19217
19217
19219
19225
19226
19244
19275
19276
19303
19309
19317
19324
19333
19338
19402
19440
19467
19484
19542
19550
19552
19558
19574
19612
19615
19621
19627
19636
19642
19643
19653
19659
19665
19671
19686
19690
19716
19745
19749
19750
19756
19763
19784
19791
19798
19826
19844
19871
19896
19911
19955
19969
19997
20004
20006
20007
20016
20018
20040
20057
20076
20112
20114
20116
20121
20123
20134
20155
20157
20165
20166
20185
20185
20192
20207
20208
20209
20216
20224
20227
20278
20281
20288
20314
20325
20333
20340
20340
20376
20377
20385
20390
20393
20399
20415
20426
20430
20458
20459
20473
20478
20480
20491
20517
20524
20533
20568
20588
20593
20616
20637
20666
20667
20669
20672
20686
20710
20744
20747
20750
20762
20771
20816
20821
20840
20841
20855
20856
20865
20874
20882
20903
20917
20936
20960
20960
20991
20994
21006
21010
21025
21029
21046
21055
21061
21064
21077
21087
21087
21103
21121
21139
21146
21151
21153
21170
21194
21205
21211
21214
21214
21223
21224
21225
21228
21266
21266
21274
21285
21309
21317
21331
21351
21369
21406
21413
21415
21423
21424
21449
21456
21483
21489
21506
21511
21583
21601
21606
21631
21635
21647
21653
21654
21668
21669
21690
21738
21758
21767
21768
21791
21796
21828
21839
21842
21876
21895
21920
21929
21938
21959
21982
21983
21993
22008
22019
22024
22034
22059
22060
22069
22092
22097
22099
22106
22108
22110
22124
22143
22156
22162
22164
22165
22176
22176
22179
22200
22200
22207
22219
22225
22233
22234
22244
22257
22278
22287
22289
22298
22321
22324
22348
22359
22362
22388
22398
22422
22428
22428
22438
22441
22444
22471
22475
22481
22481
22493
22496
22540
22547
22548
22548
22549
22553
22570
22574
22574
22580
22587
22598
22616
22627
22634
22637
22640
22646
22661
22666
22666
22668
22676
22676
22691
22707
22722
22732
22764
22766
22788
22800
22806
22818
22833
22857
22859
22871
22899
22932
22935
22954
22956
22973
23000
23009
23028
23042
23042
23072
23073
23087
23129
23133
23137
23162
23163
23185
23191
23208
23218
23236
23240
23244
23252
23271
23276
23277
23307
23314
23322
23374
23386
23390
23393
23413
23458
23459
23464
23484
23484
23489
23513
23522
23544
23550
23558
23569
23572
23574
23585
23651
23663
23664
23675
23685
23709
23716
23772
23778
23787
23793
23793
23814
23838
23839
23851
23857
23891
23894
23898
23912
23915
23947
23949
23960
23970
23983
23988
23998
24021
24034
24034
24041
24051
24053
24054
24054
24073
24102
24122
24126
24134
24134
24141
24174
24177
24192
24194
24204
24216
24234
24249
24263
24274
24283
24334
24338
24340
24356
24358
24361
24365
24378
24381
24385
24392
24398
24406
24406
24418
24428
24430
24441
24448
24452
24454
24458
24467
24468
24469
24472
24479
24480
24480
24484
24510
24548
24556
24569
24573
24597
24608
24615
24624
24653
24654
24654
24658
24668
24692
24692
24695
24700
24713
24715
24735
24739
24740
24743
24758
24772
24789
24797
24807
24809
24818
24819
24831
24870
24900
24916
24916
24919
24923
24939
24965
24975
24979
24996
24996
25004
25013
25016
25018
25047
25064
25082
25104
25117
25133
25149
25200
25204
25209
25216
25223
25228
25230
25232
25245
25249
25249
25257
25264
25272
25276
25280
25289
25291
25292
25300
25340
25345
25346
25384
25385
25397
25399
25440
25461
25462
25470
25513
25519
25529
25530
25539
25552
25571
25573
25578
25596
25626
25632
25643
25648
25660
25664
25669
25694
25723
25724
25724
25725
25728
25738
25795
25809
25816
25836
25871
25880
25893
25907
25925
25925
25928
25943
25960
25966
25987
25996
26008
26030
26030
26036
26047
26048
26049
26056
26062
26074
26088
26120
26133
26150
26156
26168
26193
26208
26209
26212
26214
26250
26257
26264
26266
26267
26274
26286
26291
26294
26295
26298
26305
26307
26307
26371
26372
26377
26381
26399
26425
26445
26545
26550
26557
26576
26591
26592
26595
26601
26605
26617
26621
26628
26652
26653
26665
26681
26683
26699
26704
26712
26740
26754
26756
26757
26776
26780
26781
26788
26794
26799
26829
26852
26859
26880
26905
26921
26927
26957
26988
26992
26995
27012
27018
27066
27079
27079
27083
27085
27101
27115
27121
27125
27132
27142
27148
27158
27183
27183
27206
27242
27248
27253
27264
27280
27289
27304
27309
27312
27312
27318
27331
27337
27357
27398
27408
27409
27424
27433
27446
27457
27485
27499
27507
27568
27580
27581
27590
27632
27688
27705
27732
27745
27746
27757
27759
27760
27763
27776
27782
27808
27840
27845
27852
27852
27865
27880
27890
27905
27907
27910
27913
27915
27922
27927
27988
28015
28016
28018
28021
28026
28050
28067
28084
28112
28117
28134
28135
28139
28151
28210
28211
28212
28247
28315
28363
28366
28371
28374
28379
28394
28399
28423
28423
28425
28429
28464
28466
28467
28471
28475
28520
28533
28551
28567
28579
28676
28685
28707
28728
28745
28759
28762
28779
28795
28812
28813
28822
28849
28851
28871
28877
28887
28904
28940
28966
28970
28971
28984
29006
29009
29023
29024
29036
29042
29051
29064
29079
29092
29093
29141
29146
29146
29156
29182
29186
29203
29206
29221
29228
29231
29238
29240
29241
29244
29246
29253
29297
29321
29326
29341
29342
29351
29367
29375
29416
29420
29425
29457
29478
29493
29507
29512
29517
29524
29552
29572
29594
29598
29617
29650
29662
29674
29679
29692
29706
29710
29748
29796
29803
29810
29827
29841
29842
29855
29855
29868
29872
29877
29900
29903
29934
29941
29983
29993
30007
30046
30070
30080
30086
30116
30140
30148
30169
30181
30192
30196
30204
30227
30236
30258
30266
30270
30285
30306
30307
30334
30340
30379
30392
30420
30451
30454
30479
30491
30518
30518
30534
30541
30549
30549
30559
30571
30587
30631
30639
30684
30688
30699
30723
30767
30769
30794
30806
30820
30823
30832
30836
30837
30936
30941
30944
30979
30994
31024
31045
31048
31078
31091
31101
31117
31129
31160
31163
31175
31176
31186
31239
31248
31253
31268
31276
31299
31328
31332
31360
31364
31368
31398
31398
31417
31420
31426
31461
31463
31470
31479
31496
31532
31583
31584
31584
31666
31667
31672
31684
31688
31693
31707
31733
31742
31789
31801
31841
31841
31844
31856
31863
31865
31866
31877
31897
31912
31919
31937
31963
32008
32011
32013
32032
32037
32040
32054
32103
32113
32153
32216
32217
32222
32245
32269
32270
32276
32311
32318
32324
32334
32369
32376
32382
32411
32413
32420
32433
32433
32442
32482
32498
32498
32518
32528
32547
32554
32555
32610
32610
32620
32632
32650
32659
32663
32675
32691
32698
32708
32718
32724
32731
32747
32754

