6
27
30
45
70
71
73
84
98
101
109
112
114
140
148
157
169
213
232
245
266
275
279
284
307
308
350
382
385
400
407
439
453
493
510
524
526
527
528
534
544
553
554
560
563
565
578
597
608
623
656
660
682
705
716
725
733
735
737
742
750
777
780
802
802
808
814
824
832
846
882
889
929
939
943
970
1008
1035
1046
1068
1072
1072
1082
1085
1142
1142
1187
1190
1246
1249
1255
1269
1274
1275
1281
1297
1306
1317
1324
1341
1351
1352
1398
1404
1416
1424
1433
1509
1510
1510
1518
1523
1551
1563
1564
1572
1604
1611
1625
1633
1647
1665
1668
1672
1680
1695
1712
1730
1734
1754
1790
1792
1799
1799
1807
1810
1824
1824
1828
1837
1845
1852
1855
1864
1877
1880
1887
1893
1898
1925
1926
1932
1940
1984
1987
1991
1996
2004
2011
2038
2054
2072
2087
2099
2113
2125
2182
2207
2222
2255
2255
2278
2287
2295
2310
2318
2343
2348
2355
2403
2408
2462
2469
2490
2490
2505
2509
2511
2520
2522
2580
2584
2587
2615
2617
2629
2641
2646
2665
2701
2714
2717
2770
2777
2784
2794
2807
2827
2841
2873
2875
2888
2891
2917
2938
2953
2954
2961
2992
2994
2998
2998
3020
3026
3034
3035
3044
3045
3065
3088
3100
3104
3113
3116
3124
3162
3167
3169
3176
3179
3190
3197
3198
3209
3230
3244
3258
3273
3306
3309
3313
3324
3332
3340
3349
3361
3393
3397
3401
3416
3418
3423
3444
3471
3476
3495
3497
3503
3526
3532
3543
3563
3568
3571
3592
3603
3605
3634
3658
3664
3729
3735
3736
3737
3740
3812
3812
3841
3845
3848
3883
3886
3892
3903
3913
3932
3945
3949
3949
3950
3953
3989
3989
3991
3996
4005
4018
4028
4029
4034
4037
4038
4044
4067
4094
4103
4120
4127
4133
4135
4136
4162
4180
4181
4201
4202
4202
4203
4204
4207
4209
4218
4234
4252
4258
4260
4261
4270
4274
4282
4288
4309
4310
4349
4363
4375
4394
4396
4400
4407
4408
4439
4462
4477
4493
4504
4524
4525
4529
4530
4537
4558
4569
4571
4581
4593
4628
4632
4637
4663
4663
4669
4670
4672
4681
4684
4689
4708
4713
4714
4717
4726
4779
4785
4797
4810
4838
4845
4849
4857
4858
4869
4885
4887
4956
4960
4986
4994
5005
5005
5017
5049
5062
5098
5103
5106
5111
5126
5130
5161
5177
5188
5188
5191
5195
5210
5240
5240
5264
5271
5272
5285
5302
5304
5325
5334
5336
5340
5350
5369
5371
5375
5391
5404
5408
5409
5418
5427
5448
5465
5467
5479
5486
5493
5525
5542
5546
5561
5566
5569
5570
5576
5578
5598
5601
5624
5625
5633
5649
5653
5658
5678
5681
5692
5709
5709
5711
5738
5750
5767
5771
5775
5803
5807
5823
5859
5867
5898
5916
5920
5921
5936
5957
5968
5973
5980
5981
6000
6039
6047
6052
6064
6075
6155
6173
6173
6185
6193
6222
6235
6247
6253
6253
6260
6274
6283
6286
6311
6318
6360
6361
6377
6384
6392
6436
6437
6437
6463
6468
6488
6488
6492
6514
6518
6530
6548
6553
6561
6569
6569
6579
6583
6591
6592
6601
6603
6609
6615
6633
6635
6645
6654
6664
6666
6666
6699
6756
6768
6788
6802
6815
6833
6847
6851
6884
6886
6890
6892
6901
6921
6945
6946
6959
6961
6962
6964
7011
7021
7058
7071
7088
7090
7101
7107
7129
7144
7157
7178
7184
7205
7205
7211
7238
7264
7274
7299
7302
7320
7323
7333
7340
7346
7348
7386
7409
7434
7447
7447
7448
7455
7471
7476
7484
7508
7524
7528
7529
7533
7534
7541
7542
7543
7555
7572
7588
7638
7650
7712
7735
7744
7774
7777
7786
7808
7810
7827
7843
7861
7871
7872
7878
7900
7953
7983
7990
8000
8015
8058
8062
8109
8124
8135
8142
8145
8153
8180
8194
8204
8262
8262
8267
8298
8300
8306
8326
8326
8343
8344
8369
8375
8387
8400
8400
8402
8408
8420
8424
8431
8467
8478
8484
8497
8501
8514
8515
8524
8524
8538
8539
8540
8553
8571
8575
8609
8609
8620
8624
8629
8637
8647
8649
8676
8678
8690
8691
8698
8718
8722
8748
8769
8776
8782
8802
8841
8856
8857
8857
8886
8891
8895
8918
8919
8937
8947
8960
8984
8986
9000
9019
9020
9028
9044
9050
9061
9062
9065
9091
9092
9101
9122
9125
9153
9166
9212
9213
9221
9231
9237
9250
9288
9293
9312
9323
9324
9333
9336
9340
9342
9348
9385
9396
9414
9431
9432
9455
9456
9464
9481
9496
9505
9539
9539
9543
9543
9555
9579
9584
9592
9595
9619
9635
9645
9667
9669
9689
9698
9706
9738
9759
9775
9798
9801
9807
9813
9813
9814
9820
9831
9843
9844
9846
9850
9895
9919
9963
9976
10000
10006
10006
10008
10012
10016
10114
10115
10147
10167
10168
10169
10171
10181
10186
10209
10222
10222
10231
10232
10249
10250
10259
10271
10284
10289
10313
10326
10351
10353
10358
10365
10398
10414
10421
10433
10445
10454
10476
10511
10534
10534
10540
10549
10557
10560
10564
10577
10596
10612
10619
10627
10633
10653
10667
10677
10695
10702
10708
10712
10719
10727
10772
10786
10791
10813
10830
10840
10851
10878
10882
10885
10890
10892
10892
10895
10905
10910
10924
10937
10954
11005
11012
11031
11039
11041
11057
11057
11079
11126
11143
11145
11155
11197
11214
11220
11223
11227
11239
11239
11248
11259
11260
11267
11272
11273
11295
11359
11384
11387
11388
11394
11399
11400
11402
11426
11430
11441
11449
11452
11467
11468
11469
11476
11482
11482
11486
11487
11514
11528
11539
11553
11572
11576
11613
11635
11673
11679
11687
11695
11697
11698
11700
11706
11737
11742
11758
11778
11788
11799
11799
11850
11859
11866
11873
11890
11891
11891
11892
11900
11904
11907
11947
11992
12011
12019
12026
12031
12061
12064
12082
12089
12093
12095
12116
12120
12122
12131
12146
12147
12148
12156
12164
12180
12214
12236
12238
12240
12243
12244
12245
12291
12297
12298
12316
12336
12341
12355
12361
12369
12374
12381
12382
12384
12419
12421
12431
12433
12440
12444
12465
12472
12484
12505
12518
12541
12551
12554
12570
12574
12578
12583
12597
12612
12654
12660
12679
12692
12714
12754
12785
12811
12833
12833
12841
12862
12867
12874
12886
12894
12924
12926
12942
12945
12952
12959
12985
13018
13037
13048
13087
13126
13135
13197
13236
13236
13246
13249
13253
13260
13274
13281
13287
13289
13307
13320
13328
13330
13336
13343
13373
13400
13403
13406
13418
13464
13465
13471
13476
13484
13504
13517
13529
13533
13540
13586
13599
13611
13621
13626
13640
13666
13673
13679
13703
13718
13723
13746
13761
13765
13772
13783
13801
13807
13821
13853
13874
13880
13887
13890
13901
13921
13934
13934
13949
13984
13993
14001
14002
14003
14007
14012
14028
14045
14060
14061
14124
14127
14143
14151
14183
14195
14224
14233
14239
14244
14272
14284
14285
14316
14326
14327
14328
14353
14357
14369
14371
14391
14401
14408
14409
14437
14442
14442
14449
14453
14477
14481
14493
14510
14540
14582
14584
14605
14629
14632
14635
14642
14692
14699
14705
14717
14732
14742
14748
14758
14758
14767
14784
14788
14804
14821
14834
14846
14848
14848
14850
14851
14866
14887
14890
14896
14905
14917
14921
14922
14925
14935
14950
14953
14974
14983
14993
15006
15022
15030
15040
15048
15048
15053
15057
15066
15092
15131
15147
15149
15153
15164
15178
15189
15191
15196
15303
15312
15329
15334
15337
15352
15352
15354
15359
15385
15386
15428
15439
15468
15468
15492
15513
15527
15540
15562
15570
15593
15607
15607
15614
15619
15622
15624
15641
15650
15652
15653
15685
15685
15687
15691
15693
15697
15715
15719
15720
15731
15761
15761
15768
15770
15786
15805
15814
15855
15855
15867
15876
15883
15886
15902
15905
15935
15942
15961
15964
15966
15969
15985
15989
16003
16018
16036
16041
16056
16059
16060
16080
16093
16102
16118
16122
16150
16157
16179
16184
16188
16189
16226
16234
16240
16254
16282
16284
16287
16290
16296
16314
16370
16374
16415
16419
16438
16439
16446
16458
16460
16470
16526
16534
16539
16548
16568
16572
16579
16579
16592
16611
16620
16670
16712
16719
16724
16738
16770
16773
16773
16774
16778
16797
16801
16820
16875
16876
16895
16904
16919
16930
16931
16935
16940
16946
16955
16958
16967
16993
17028
17029
17033
17042
17047
17071
17095
17097
17116
17124
17130
17132
17161
17189
17194
17196
17206
17214
17219
17222
17236
17242
17243
17246
17276
17286
17293
17323
17325
17325
17349
17356
17366
17385
17399
17406
17406
17419
17478
17508
17509
17509
17533
17552
17572
17583
17585
17597
17609
17610
17611
17623
17667
17694
17696
17701
17708
17724
17725
17730
17731
17733
17746
17748
17775
17784
17799
17800
17800
17810
17813
17824
17850
17854
17903
17922
17926
17927
17943
17947
17953
17959
18023
18048
18088
18090
18117
18124
18148
18151
18159
18170
18172
18185
18194
18220
18226
18237
18246
18250
18267
18272
18289
18290
18322
18338
18343
18352
18377
18382
18385
18390
18421
18423
18425
18438
18475
18497
18502
18505
18536
18591
18605
18610
18615
18616
18619
18635
18636
18648
18685
18686
18700
18701
18702
18722
18742
18758
18785
18801
18856
18862
18862
18864
18870
18898
18898
18913
18930
18942
18950
18981
18990
18991
18991
18994
19031
19034
19035
19068
19079
19108
19180
19182
19189
19192
19197
19205
19232
19235
19247
19261
19271
19308
19317
19319
19331
19347
19352
19357
19359
19367
19393
19403
19421
19438
19494
19518
19542
19548
19558
19562
19581
19604
19605
19608
19611
19651
19655
19662
19668
19688
19700
19717
19718
19719
19775
19776
19784
19787
19828
19830
19831
19832
19844
19873
19884
19888
19923
19935
19941
19942
19972
19991
19992
19999
20006
20011
20020
20023
20030
20032
20036
20068
20069
20071
20089
20104
20105
20113
20132
20135
20168
20262
20274
20289
20315
20368
20383
20392
20401
20405
20413
20422
20426
20450
20457
20457
20465
20467
20475
20478
20482
20490
20494
20518
20545
20579
20587
20596
20598
20604
20616
20616
20641
20662
20670
20696
20711
20762
20788
20789
20823
20827
20836
20844
20850
20875
20876
20931
20931
20952
20982
20997
21009
21014
21044
21060
21080
21129
21131
21132
21145
21152
21164
21170
21189
21198
21258
21276
21280
21292
21302
21311
21361
21378
21381
21382
21387
21426
21435
21437
21442
21446
21447
21460
21482
21485
21488
21496
21503
21509
21524
21526
21528
21534
21534
21538
21541
21578
21586
21590
21592
21604
21614
21633
21634
21674
21706
21708
21716
21717
21728
21729
21747
21748
21756
21773
21817
21824
21834
21838
21839
21841
21868
21877
21884
21886
21896
21910
21927
21931
21944
21953
21964
21971
21974
21985
22006
22019
22027
22029
22029
22051
22076
22087
22088
22089
22100
22109
22115
22123
22124
22134
22144
22148
22174
22189
22202
22210
22219
22253
22274
22279
22290
22291
22304
22305
22351
22359
22361
22364
22365
22370
22392
22418
22465
22470
22483
22484
22488
22492
22501
22507
22533
22548
22558
22559
22565
22572
22577
22580
22617
22622
22625
22625
22655
22670
22696
22728
22761
22769
22783
22814
22820
22832
22832
22843
22846
22883
22886
22905
22920
22935
22935
22939
22945
22959
22978
23025
23072
23095
23100
23104
23129
23136
23157
23172
23193
23194
23206
23214
23221
23231
23233
23237
23241
23272
23287
23291
23337
23341
23348
23354
23361
23365
23385
23400
23401
23402
23411
23413
23415
23424
23426
23430
23467
23471
23472
23481
23531
23534
23542
23554
23555
23580
23594
23650
23653
23672
23689
23713
23739
23741
23758
23781
23798
23800
23809
23819
23831
23836
23875
23897
23900
23906
23948
23955
23955
23973
23973
23994
23996
23998
24010
24017
24027
24027
24058
24097
24099
24107
24108
24111
24114
24115
24122
24139
24143
24169
24172
24179
24184
24195
24230
24236
24243
24246
24302
24306
24314
24339
24363
24365
24370
24377
24387
24412
24472
24500
24503
24505
24512
24535
24543
24570
24591
24606
24617
24663
24666
24673
24677
24681
24710
24716
24726
24760
24859
24883
24885
24897
24904
24912
24917
24928
24934
24935
24939
24945
24964
24974
24977
24984
24985
24999
25009
25046
25047
25053
25054
25065
25073
25075
25090
25103
25107
25118
25156
25163
25177
25186
25194
25200
25232
25234
25250
25318
25329
25339
25342
25347
25368
25382
25390
25394
25410
25412
25413
25418
25422
25429
25440
25444
25453
25458
25460
25469
25475
25503
25524
25537
25538
25539
25552
25560
25583
25591
25601
25628
25634
25644
25656
25657
25674
25675
25681
25698
25734
25741
25742
25747
25764
25816
25829
25840
25844
25860
25917
25924
25927
25955
25968
26019
26025
26034
26091
26107
26123
26130
26151
26152
26166
26173
26177
26187
26205
26222
26223
26235
26243
26260
26266
26278
26339
26350
26385
26389
26390
26396
26402
26424
26471
26519
26567
26568
26577
26615
26625
26641
26645
26651
26652
26663
26679
26682
26699
26701
26741
26745
26757
26757
26775
26779
26787
26790
26813
26842
26845
26856
26860
26861
26862
26867
26886
26896
26898
26902
26903
26920
26920
26928
26938
26958
26972
26979
26998
27022
27026
27059
27060
27062
27064
27070
27072
27077
27091
27115
27127
27135
27144
27145
27151
27153
27190
27206
27225
27234
27251
27265
27273
27288
27290
27335
27368
27381
27389
27406
27454
27461
27477
27480
27482
27494
27527
27563
27564
27576
27577
27591
27613
27642
27642
27656
27746
27750
27762
27782
27782
27791
27810
27814
27818
27829
27833
27833
27835
27861
27879
27885
27901
27952
27962
27975
27983
28000
28011
28017
28025
28051
28056
28058
28070
28079
28080
28083
28089
28096
28100
28106
28136
28136
28151
28161
28182
28204
28208
28217
28227
28233
28271
28286
28299
28318
28344
28350
28369
28376
28376
28393
28431
28435
28448
28466
28467
28468
28475
28483
28502
28502
28515
28555
28575
28576
28576
28594
28596
28598
28614
28617
28647
28672
28673
28709
28723
28744
28746
28754
28763
28765
28769
28781
28781
28817
28830
28835
28861
28865
28889
28892
28896
28899
28903
28911
28947
28993
29000
29062
29078
29126
29137
29150
29158
29164
29185
29199
29208
29212
29213
29231
29231
29232
29251
29266
29271
29274
29308
29309
29344
29346
29357
29372
29375
29378
29385
29399
29399
29428
29435
29454
29461
29485
29495
29511
29522
29524
29537
29571
29579
29584
29612
29638
29646
29672
29674
29678
29688
29711
29725
29730
29745
29755
29760
29761
29762
29766
29774
29790
29798
29815
29817
29832
29836
29862
29869
29891
29899
29906
29907
29938
29956
29975
29992
29995
29996
30011
30018
30042
30061
30064
30070
30072
30103
30119
30128
30129
30132
30135
30139
30161
30172
30178
30184
30207
30216
30227
30230
30241
30271
30277
30289
30316
30332
30357
30359
30368
30405
30408
30409
30450
30451
30452
30473
30485
30489
30491
30498
30502
30509
30512
30514
30515
30551
30616
30628
30628
30664
30677
30685
30687
30693
30741
30741
30744
30752
30776
30778
30793
30812
30839
30847
30848
30853
30870
30880
30881
30895
30900
30908
30928
30949
30963
30976
31011
31018
31025
31036
31047
31069
31086
31097
31138
31161
31163
31165
31200
31224
31226
31234
31259
31261
31291
31307
31311
31333
31341
31354
31355
31356
31364
31366
31392
31411
31424
31427
31429
31444
31462
31499
31499
31505
31523
31533
31534
31543
31552
31554
31557
31616
31619
31627
31635
31645
31647
31657
31699
31748
31749
31796
31815
31828
31833
31835
31839
31844
31854
31864
31871
31872
31875
31882
31898
31909
31929
31946
31967
31977
31994
32013
32019
32030
32042
32051
32057
32058
32074
32076
32087
32093
32102
32110
32116
32141
32156
32169
32175
32178
32197
32199
32212
32242
32249
32251
32254
32262
32273
32301
32309
32310
32348
32370
32376
32377
32385
32394
32402
32407
32412
32431
32435
32443
32451
32460
32462
32493
32496
32512
32514
32534
32556
32577
32578
32619
32621
32628
32645
32704
32727
32733
32734
32756

