11
25
31
32
33
45
78
104
117
129
141
149
151
156
169
176
191
193
197
222
224
233
235
246
249
269
290
294
331
332
343
371
373
379
382
390
391
393
414
421
453
462
468
468
473
486
570
582
591
620
624
626
634
643
658
659
671
672
678
686
694
707
729
731
734
734
738
747
761
765
769
771
787
790
795
837
871
873
894
910
915
920
922
943
944
990
996
1021
1021
1024
1036
1039
1075
1083
1086
1086
1090
1113
1117
1123
1127
1127
1127
1147
1149
1154
1176
1177
1186
1192
1209
1221
1225
1232
1288
1294
1295
1297
1298
1307
1368
1376
1395
1457
1461
1461
1468
1469
1476
1494
1497
1498
1517
1518
1539
1542
1544
1550
1556
1557
1566
1576
1577
1583
1599
1610
1626
1658
1668
1683
1695
1696
1713
1713
1717
1722
1726
1745
1750
1755
1789
1821
1844
1851
1907
1911
1953
1961
1968
1983
1991
2008
2010
2021
2029
2056
2073
2109
2128
2133
2146
2153
2158
2173
2202
2212
2212
2226
2233
2233
2257
2266
2275
2288
2302
2309
2327
2328
2349
2362
2362
2368
2372
2390
2398
2404
2423
2431
2443
2446
2449
2473
2512
2515
2523
2534
2565
2579
2599
2601
2605
2616
2623
2642
2661
2683
2698
2711
2742
2763
2769
2776
2800
2808
2810
2814
2815
2815
2817
2823
2829
2832
2842
2843
2866
2885
2885
2904
2915
2923
2941
2950
3018
3018
3020
3039
3061
3073
3077
3080
3089
3097
3110
3117
3143
3148
3152
3189
3212
3214
3233
3266
3275
3276
3280
3281
3281
3286
3302
3333
3341
3349
3351
3366
3368
3403
3414
3424
3457
3463
3473
3503
3514
3524
3534
3541
3545
3556
3567
3570
3573
3583
3641
3651
3669
3670
3675
3717
3726
3741
3745
3756
3763
3770
3772
3801
3802
3802
3813
3823
3825
3826
3833
3856
3863
3875
3918
3928
3936
3969
3977
3981
3982
3992
4009
4026
4032
4036
4103
4107
4108
4117
4120
4124
4126
4131
4131
4183
4193
4201
4217
4222
4258
4260
4260
4265
4267
4272
4285
4310
4326
4326
4345
4347
4386
4398
4477
4506
4508
4510
4516
4527
4537
4549
4549
4567
4568
4570
4573
4574
4591
4594
4636
4639
4639
4658
4661
4691
4725
4735
4745
4757
4757
4790
4791
4840
4873
4889
4892
4896
4898
4913
4917
4951
4954
4982
4991
5005
5007
5032
5033
5034
5037
5039
5043
5101
5104
5107
5125
5139
5174
5183
5185
5255
5260
5295
5300
5318
5327
5350
5369
5379
5382
5409
5413
5427
5473
5493
5505
5509
5510
5528
5534
5632
5639
5643
5659
5672
5690
5705
5709
5720
5728
5751
5771
5777
5785
5795
5818
5823
5823
5832
5850
5876
5895
5895
5903
5911
5912
5914
5914
5925
5968
5973
5974
5977
5983
5987
5993
5994
5996
6017
6027
6045
6048
6050
6056
6073
6094
6100
6101
6122
6140
6147
6150
6169
6173
6184
6198
6204
6209
6211
6222
6243
6244
6274
6310
6313
6315
6331
6349
6354
6360
6363
6373
6379
6392
6395
6405
6410
6412
6441
6449
6451
6454
6455
6458
6484
6503
6509
6516
6545
6546
6561
6568
6583
6583
6591
6595
6629
6630
6645
6666
6673
6683
6690
6714
6731
6766
6784
6808
6812
6818
6821
6825
6831
6834
6840
6844
6845
6849
6856
6872
6886
6897
6906
6917
6924
6926
6941
6954
6957
6969
6995
7014
7023
7023
7027
7069
7078
7078
7081
7088
7122
7133
7134
7186
7191
7193
7193
7199
7202
7212
7218
7218
7246
7247
7263
7276
7286
7296
7313
7346
7361
7367
7371
7373
7403
7405
7406
7416
7427
7439
7468
7472
7477
7512
7516
7517
7522
7526
7527
7531
7540
7542
7588
7606
7620
7626
7627
7632
7638
7644
7654
7660
7674
7706
7732
7745
7746
7760
7777
7787
7798
7804
7813
7827
7849
7855
7866
7894
7917
7938
7945
7958
7962
7972
7981
7991
8014
8026
8039
8042
8042
8070
8096
8111
8118
8118
8124
8125
8136
8141
8147
8155
8208
8246
8248
8251
8267
8279
8279
8284
8289
8311
8315
8355
8369
8375
8392
8397
8402
8425
8435
8453
8459
8479
8501
8517
8524
8549
8552
8562
8569
8592
8612
8617
8642
8660
8674
8681
8691
8696
8710
8711
8717
8723
8738
8751
8759
8772
8791
8806
8806
8813
8817
8845
8852
8864
8880
8907
8918
8999
9004
9019
9021
9036
9042
9081
9094
9154
9161
9174
9196
9204
9237
9246
9259
9271
9272
9290
9296
9298
9310
9333
9348
9357
9360
9418
9447
9449
9464
9485
9488
9503
9516
9516
9546
9555
9568
9614
9626
9647
9652
9672
9685
9692
9696
9715
9717
9723
9723
9740
9756
9773
9779
9789
9793
9800
9818
9824
9824
9826
9841
9848
9865
9873
9880
9897
9899
9900
9907
9911
9931
9941
9955
9959
9968
9985
9994
10005
10033
10050
10063
10076
10116
10121
10124
10132
10167
10177
10193
10197
10201
10205
10216
10228
10249
10274
10320
10334
10374
10382
10438
10440
10451
10459
10461
10464
10464
10469
10483
10486
10497
10504
10526
10552
10585
10587
10589
10601
10604
10604
10610
10618
10627
10635
10650
10657
10663
10678
10684
10688
10697
10699
10710
10723
10776
10795
10839
10840
10872
10875
10875
10891
10894
10904
10922
10946
10955
10966
10971
10984
10987
10993
11015
11035
11058
11073
11078
11078
11087
11103
11104
11106
11130
11131
11134
11162
11163
11163
11165
11173
11181
11198
11207
11214
11220
11224
11236
11251
11281
11303
11305
11364
11379
11386
11400
11430
11461
11476
11477
11495
11497
11534
11561
11583
11587
11598
11608
11642
11644
11680
11709
11729
11735
11765
11766
11771
11779
11800
11805
11859
11882
11882
11908
11917
11941
11958
11967
11981
11985
12014
12022
12038
12079
12088
12089
12098
12100
12101
12141
12153
12168
12176
12194
12195
12206
12215
12221
12227
12228
12257
12262
12272
12291
12292
12293
12308
12311
12311
12316
12317
12336
12380
12385
12393
12410
12423
12431
12441
12447
12470
12510
12517
12525
12552
12570
12571
12587
12588
12588
12589
12628
12630
12638
12646
12658
12674
12709
12715
12726
12729
12737
12738
12758
12764
12783
12804
12842
12848
12850
12851
12905
12919
12939
12945
12946
12951
12970
12986
12990
13010
13016
13053
13062
13092
13098
13099
13147
13162
13165
13192
13201
13202
13228
13256
13257
13275
13288
13309
13320
13336
13338
13343
13345
13384
13405
13412
13412
13445
13462
13483
13512
13555
13564
13578
13596
13606
13607
13615
13621
13625
13628
13671
13673
13702
13709
13715
13726
13741
13744
13752
13754
13771
13772
13772
13789
13795
13797
13802
13872
13970
13971
13986
13987
13997
14064
14064
14072
14077
14083
14150
14154
14156
14167
14197
14205
14214
14221
14222
14278
14296
14385
14400
14427
14433
14438
14439
14466
14483
14512
14513
14518
14533
14541
14543
14544
14548
14551
14554
14563
14563
14565
14565
14597
14618
14622
14654
14656
14664
14694
14700
14705
14706
14721
14723
14733
14753
14763
14769
14788
14790
14805
14807
14823
14835
14848
14849
14877
14878
14897
14923
14932
14975
14980
14995
14995
14997
15002
15003
15008
15013
15014
15038
15059
15082
15091
15107
15108
15109
15110
15117
15144
15175
15182
15182
15182
15198
15236
15236
15237
15237
15238
15238
15255
15309
15325
15330
15338
15342
15354
15368
15371
15384
15390
15415
15442
15457
15467
15470
15484
15487
15492
15508
15516
15537
15540
15544
15547
15566
15602
15603
15605
15618
15624
15630
15646
15647
15648
15651
15684
15692
15696
15698
15731
15740
15748
15810
15833
15842
15846
15868
15869
15870
15874
15895
15912
15942
15950
15962
15984
15997
15999
16012
16029
16042
16044
16049
16051
16063
16066
16101
16126
16161
16163
16163
16164
16199
16199
16210
16223
16264
16264
16287
16289
16298
16302
16376
16382
16428
16442
16447
16451
16461
16479
16505
16530
16549
16550
16554
16566
16567
16572
16591
16594
16607
16635
16649
16681
16683
16701
16720
16725
16727
16728
16749
16756
16765
16766
16766
16796
16797
16799
16801
16812
16828
16850
16857
16870
16892
16894
16895
16916
16929
16942
16951
16970
16989
17000
17014
17019
17022
17039
17083
17098
17102
17105
17113
17129
17155
17163
17191
17207
17217
17305
17308
17309
17321
17332
17335
17350
17380
17384
17385
17389
17433
17446
17447
17457
17471
17505
17511
17525
17528
17539
17551
17554
17558
17562
17574
17587
17590
17602
17610
17631
17638
17644
17649
17661
17704
17713
17715
17741
17744
17747
17761
17763
17806
17824
17832
17837
17878
17886
17890
17890
17918
17924
17950
17950
17959
17964
17978
17991
17995
17996
18007
18010
18020
18024
18025
18080
18091
18092
18125
18125
18185
18200
18202
18225
18251
18296
18305
18307
18323
18327
18345
18350
18362
18373
18374
18383
18384
18395
18397
18418
18432
18437
18478
18502
18504
18510
18515
18529
18540
18549
18556
18561
18563
18580
18609
18617
18629
18658
18659
18673
18719
18729
18742
18773
18776
18789
18805
18808
18816
18835
18841
18842
18899
18901
18909
18963
18982
18996
19060
19061
19062
19071
19077
19090
19096
19101
19121
19151
19154
19158
19170
19208
19227
19233
19247
19252
19296
19301
19348
19352
19363
19374
19378
19409
19436
19437
19442
19443
19465
19486
19486
19494
19501
19525
19525
19533
19556
19557
19603
19605
19619
19620
19623
19637
19659
19661
19666
19690
19691
19707
19728
19789
19801
19866
19874
19876
19887
19891
19891
19896
19897
19899
19902
19904
19905
19941
19949
19967
19972
19973
19992
19999
20029
20038
20042
20057
20080
20080
20082
20173
20175
20176
20180
20202
20220
20235
20266
20275
20284
20317
20322
20349
20374
20378
20381
20385
20396
20400
20402
20419
20444
20477
20484
20513
20518
20529
20556
20571
20594
20614
20617
20620
20626
20646
20660
20667
20672
20695
20707
20713
20715
20729
20734
20773
20781
20785
20795
20801
20827
20835
20838
20841
20854
20857
20933
20937
20938
20985
21023
21058
21062
21083
21095
21102
21105
21108
21122
21143
21186
21191
21195
21265
21281
21324
21325
21330
21343
21374
21378
21382
21390
21402
21426
21439
21440
21493
21497
21506
21512
21513
21516
21519
21543
21566
21575
21591
21598
21628
21635
21654
21661
21682
21691
21720
21725
21728
21735
21739
21753
21756
21800
21812
21830
21833
21842
21858
21862
21864
21869
21881
21891
21901
21908
21910
21912
21923
21943
21952
21968
21971
21986
21995
21998
22006
22051
22059
22060
22063
22072
22082
22089
22133
22167
22176
22179
22195
22224
22232
22233
22323
22331
22349
22370
22383
22395
22402
22411
22460
22482
22491
22499
22504
22517
22525
22536
22559
22565
22565
22585
22591
22593
22615
22641
22671
22700
22701
22703
22717
22719
22722
22728
22751
22784
22790
22793
22819
22822
22841
22877
22900
22930
22971
22977
22982
22999
23003
23003
23004
23019
23021
23057
23061
23064
23071
23071
23101
23131
23142
23173
23192
23198
23247
23271
23279
23294
23318
23320
23328
23332
23344
23353
23363
23372
23385
23392
23399
23411
23416
23426
23430
23444
23449
23499
23516
23517
23526
23531
23533
23533
23542
23549
23565
23637
23654
23659
23679
23686
23695
23704
23704
23713
23717
23741
23754
23760
23772
23774
23797
23805
23806
23838
23845
23850
23851
23860
23864
23870
23885
23888
23889
23891
23897
23901
23914
23944
23944
23957
23979
23991
23993
24043
24048
24049
24050
24052
24058
24059
24083
24092
24124
24128
24130
24131
24134
24142
24149
24154
24160
24161
24170
24187
24187
24189
24217
24222
24235
24241
24292
24301
24324
24330
24355
24375
24405
24425
24453
24469
24498
24499
24506
24514
24527
24528
24534
24543
24564
24578
24587
24590
24595
24599
24612
24633
24637
24649
24653
24672
24680
24692
24696
24704
24737
24758
24759
24788
24823
24829
24844
24850
24857
24859
24862
24891
24906
24909
24917
24922
24973
24982
24997
25015
25018
25032
25042
25052
25054
25058
25064
25090
25109
25125
25134
25141
25153
25167
25167
25175
25178
25216
25230
25243
25247
25261
25262
25274
25293
25296
25307
25312
25342
25348
25357
25361
25365
25366
25375
25385
25392
25393
25395
25401
25404
25405
25412
25413
25415
25416
25422
25443
25447
25455
25464
25468
25469
25484
25510
25525
25528
25542
25548
25580
25580
25586
25591
25597
25597
25604
25606
25607
25636
25637
25642
25644
25645
25673
25673
25706
25710
25727
25728
25736
25745
25759
25767
25813
25822
25823
25830
25840
25859
25867
25871
25896
25908
25908
25909
25916
25927
25929
25934
25957
25963
25964
25974
25975
25989
25993
26030
26030
26034
26087
26105
26135
26149
26173
26178
26192
26212
26213
26219
26225
26236
26242
26250
26261
26294
26298
26317
26338
26339
26340
26367
26417
26431
26433
26441
26444
26483
26485
26499
26528
26530
26547
26604
26631
26641
26645
26678
26694
26709
26710
26710
26712
26726
26731
26744
26755
26794
26804
26804
26807
26852
26853
26858
26901
26910
26911
26919
26924
26930
26954
26959
26990
27005
27007
27011
27013
27022
27034
27042
27059
27061
27069
27107
27125
27131
27173
27187
27192
27201
27204
27215
27233
27239
27262
27273
27279
27310
27318
27323
27332
27352
27359
27363
27379
27407
27409
27410
27426
27435
27470
27474
27476
27502
27518
27527
27536
27541
27585
27609
27609
27622
27639
27658
27671
27673
27692
27705
27719
27727
27803
27820
27838
27857
27859
27914
27915
27922
27925
27926
27959
27962
27970
27982
27986
27989
28009
28013
28064
28068
28101
28135
28171
28176
28205
28219
28227
28239
28240
28243
28251
28256
28265
28291
28312
28334
28342
28342
28343
28348
28377
28387
28406
28460
28474
28483
28494
28502
28531
28536
28571
28571
28584
28594
28600
28608
28624
28627
28657
28663
28681
28683
28686
28689
28712
28717
28718
28725
28755
28764
28764
28788
28796
28799
28800
28804
28821
28831
28831
28855
28861
28864
28869
28888
28889
28889
28891
28903
28920
28959
28980
28982
28998
29023
29024
29031
29045
29068
29071
29089
29095
29097
29125
29129
29135
29135
29138
29161
29193
29199
29209
29219
29223
29224
29235
29239
29251
29262
29270
29278
29302
29303
29324
29333
29341
29343
29343
29359
29363
29364
29372
29387
29391
29412
29412
29416
29429
29437
29456
29464
29469
29488
29496
29497
29500
29533
29533
29547
29558
29570
29590
29594
29602
29609
29625
29637
29649
29650
29656
29671
29674
29683
29689
29710
29721
29728
29740
29783
29784
29823
29829
29837
29872
29876
29887
29920
29925
29928
29929
29932
29935
29943
29956
29961
29975
29999
30024
30044
30045
30066
30072
30085
30085
30104
30127
30146
30151
30163
30169
30174
30177
30182
30212
30215
30224
30233
30237
30239
30239
30257
30258
30287
30288
30289
30292
30304
30326
30329
30367
30389
30391
30415
30463
30471
30499
30500
30514
30515
30517
30523
30527
30534
30542
30545
30600
30604
30617
30632
30637
30652
30668
30683
30691
30695
30696
30710
30725
30730
30736
30749
30753
30802
30826
30841
30856
30861
30863
30863
30895
30896
30931
30934
30941
30944
30952
30952
30973
30986
31008
31026
31029
31043
31069
31071
31094
31141
31150
31164
31167
31169
31175
31181
31192
31196
31203
31204
31243
31246
31256
31256
31287
31288
31294
31313
31330
31365
31369
31382
31392
31393
31405
31425
31429
31437
31444
31453
31464
31469
31491
31492
31506
31540
31540
31553
31558
31576
31603
31609
31621
31677
31694
31716
31716
31755
31800
31801
31801
31811
31822
31823
31864
31871
31884
31889
31934
31936
31958
31962
31962
31976
32009
32015
32024
32035
32041
32053
32062
32084
32091
32094
32099
32117
32123
32144
32147
32148
32149
32163
32171
32172
32173
32190
32192
32198
32215
32221
32240
32258
32265
32275
32286
32296
32299
32302
32319
32356
32364
32380
32382
32403
32407
32410
32415
32431
32438
32463
32467
32469
32473
32481
32499
32518
32519
32524
32531
32535
32600
32602
32620
32629
32636
32640
32650
32663
32694
32696
32712
32716
32716
32720
32736
32746
32752
32760

