9
11
34
50
54
57
59
72
81
114
179
184
198
228
229
255
259
262
303
304
323
344
371
372
384
389
395
413
422
443
447
455
483
485
516
517
523
539
539
542
554
567
568
598
599
609
609
627
627
638
701
707
712
713
720
773
776
786
786
789
802
808
820
833
835
839
854
887
907
913
938
950
955
960
987
989
1022
1040
1047
1071
1096
1099
1109
1129
1157
1200
1206
1213
1234
1254
1255
1267
1270
1285
1303
1314
1315
1324
1329
1334
1386
1392
1393
1398
1409
1414
1439
1464
1466
1479
1510
1513
1534
1536
1538
1539
1580
1585
1589
1591
1606
1607
1621
1699
1700
1702
1728
1738
1759
1776
1786
1792
1793
1800
1836
1882
1884
1891
1912
1912
1930
1934
1939
1941
1941
1942
1947
1957
1992
2001
2025
2026
2027
2028
2078
2081
2091
2091
2111
2122
2145
2147
2157
2166
2177
2188
2232
2233
2263
2269
2271
2273
2275
2282
2287
2288
2292
2303
2317
2339
2383
2383
2387
2397
2435
2441
2449
2472
2483
2486
2487
2499
2507
2517
2521
2524
2560
2568
2572
2584
2587
2594
2595
2612
2620
2643
2663
2673
2673
2684
2692
2711
2734
2758
2793
2848
2863
2882
2883
2905
2918
2929
2932
2936
2952
2954
3001
3045
3053
3059
3072
3079
3080
3087
3119
3132
3191
3197
3244
3246
3257
3265
3286
3309
3315
3324
3336
3342
3344
3349
3353
3353
3357
3360
3392
3421
3438
3443
3450
3481
3489
3489
3497
3506
3516
3517
3519
3531
3547
3592
3594
3608
3609
3615
3652
3664
3679
3687
3695
3712
3713
3736
3743
3748
3751
3768
3772
3784
3787
3791
3808
3821
3846
3855
3908
3940
3977
4041
4042
4073
4078
4094
4099
4099
4105
4124
4128
4144
4147
4156
4160
4188
4215
4220
4229
4253
4272
4286
4287
4300
4387
4388
4397
4401
4411
4432
4434
4435
4436
4446
4446
4497
4499
4518
4532
4550
4552
4556
4570
4586
4620
4622
4634
4642
4646
4655
4720
4724
4738
4746
4758
4784
4805
4814
4832
4835
4845
4853
4862
4869
4878
4892
4913
4927
4931
4932
4947
4963
4972
5010
5014
5018
5022
5024
5026
5038
5068
5073
5081
5086
5092
5093
5093
5110
5122
5158
5161
5168
5182
5183
5188
5190
5208
5211
5217
5259
5268
5268
5272
5274
5278
5301
5336
5344
5345
5350
5382
5384
5404
5410
5426
5459
5473
5474
5475
5477
5512
5546
5574
5587
5597
5612
5646
5655
5679
5689
5715
5733
5756
5758
5763
5763
5770
5780
5790
5807
5813
5841
5843
5852
5853
5864
5871
5883
5907
5922
5923
5937
5942
5968
5974
5993
5993
6026
6039
6049
6056
6062
6105
6108
6111
6115
6143
6147
6152
6168
6218
6246
6272
6286
6288
6295
6308
6327
6335
6368
6368
6381
6386
6411
6427
6447
6464
6465
6473
6473
6478
6485
6487
6553
6555
6585
6590
6597
6598
6613
6613
6616
6624
6624
6658
6661
6664
6707
6710
6727
6736
6757
6758
6765
6784
6791
6794
6800
6809
6812
6819
6823
6834
6861
6865
6869
6895
6899
6903
6909
6915
6918
6950
6951
6998
7004
7017
7028
7059
7079
7089
7103
7133
7143
7157
7159
7198
7199
7222
7234
7293
7294
7298
7304
7331
7346
7348
7354
7362
7362
7370
7379
7388
7393
7394
7396
7404
7424
7435
7465
7476
7489
7503
7509
7515
7544
7554
7558
7566
7577
7598
7600
7628
7668
7716
7718
7724
7735
7739
7749
7777
7785
7797
7807
7825
7897
7917
7920
7920
7934
7943
7954
7960
7970
7998
8009
8033
8034
8055
8055
8058
8097
8097
8104
8109
8115
8119
8121
8133
8148
8149
8150
8159
8183
8196
8201
8213
8213
8217
8226
8238
8239
8268
8278
8295
8299
8299
8307
8308
8317
8337
8349
8351
8356
8358
8360
8405
8415
8416
8417
8422
8433
8440
8443
8449
8469
8484
8491
8513
8516
8530
8546
8557
8582
8595
8607
8635
8642
8647
8669
8698
8712
8717
8735
8739
8783
8784
8785
8786
8787
8794
8797
8799
8812
8821
8839
8851
8868
8871
8889
8897
8932
8934
8941
8945
8953
8973
8992
8994
8997
8998
9006
9011
9040
9047
9051
9054
9056
9057
9058
9066
9067
9116
9157
9195
9202
9213
9218
9264
9300
9305
9329
9340
9362
9365
9377
9406
9409
9434
9455
9471
9476
9512
9559
9560
9575
9590
9592
9624
9630
9683
9692
9701
9715
9718
9720
9724
9725
9729
9737
9750
9763
9764
9765
9781
9782
9789
9820
9821
9828
9840
9845
9849
9891
9914
9920
9922
9931
9945
9968
9975
9979
9980
9982
9988
9995
9998
10016
10023
10024
10043
10065
10066
10068
10088
10091
10101
10102
10127
10130
10131
10171
10222
10229
10230
10271
10273
10276
10286
10319
10334
10339
10342
10355
10365
10379
10401
10428
10432
10441
10451
10468
10508
10509
10513
10515
10517
10523
10551
10552
10582
10583
10585
10589
10603
10608
10616
10616
10669
10677
10693
10696
10731
10745
10753
10768
10809
10812
10825
10825
10833
10837
10863
10871
10878
10882
10890
10890
10917
10924
10929
10946
10955
10961
10964
10981
10985
10985
10997
11002
11011
11012
11038
11038
11041
11044
11057
11059
11067
11089
11104
11121
11129
11199
11210
11217
11226
11228
11251
11271
11273
11280
11286
11304
11310
11314
11319
11322
11326
11328
11331
11333
11404
11411
11417
11468
11487
11493
11494
11496
11510
11521
11537
11561
11564
11565
11572
11580
11587
11591
11612
11617
11619
11626
11636
11639
11641
11646
11650
11662
11670
11679
11681
11690
11704
11720
11748
11753
11763
11769
11773
11774
11776
11795
11804
11804
11839
11843
11882
11914
11916
11927
11936
11937
11944
11980
11981
11989
11995
12022
12030
12038
12054
12107
12120
12126
12133
12142
12143
12162
12165
12222
12228
12259
12263
12287
12329
12342
12359
12363
12366
12368
12371
12393
12407
12415
12422
12462
12478
12492
12496
12502
12505
12525
12534
12552
12556
12593
12594
12612
12615
12635
12651
12667
12667
12691
12695
12699
12710
12711
12736
12744
12747
12754
12757
12804
12805
12806
12814
12820
12822
12823
12827
12858
12896
12898
12903
12929
12966
12994
13001
13010
13022
13025
13038
13041
13046
13058
13076
13080
13088
13093
13099
13101
13104
13113
13119
13127
13134
13146
13168
13174
13208
13212
13213
13225
13226
13240
13251
13252
13273
13273
13279
13289
13290
13322
13329
13353
13356
13394
13397
13402
13430
13430
13441
13462
13523
13523
13527
13530
13532
13544
13547
13555
13567
13606
13622
13624
13632
13637
13641
13647
13658
13672
13683
13698
13711
13742
13745
13771
13779
13788
13790
13813
13821
13828
13869
13869
13882
13888
13893
13895
13945
13946
13969
14005
14055
14071
14095
14100
14101
14105
14109
14123
14125
14127
14140
14152
14176
14176
14215
14233
14244
14248
14262
14270
14279
14302
14302
14307
14310
14317
14345
14351
14365
14369
14369
14370
14377
14377
14403
14412
14413
14424
14432
14435
14464
14466
14472
14482
14491
14500
14508
14510
14517
14525
14547
14549
14551
14557
14560
14562
14574
14578
14598
14600
14601
14651
14656
14668
14674
14692
14711
14726
14744
14754
14756
14762
14780
14782
14794
14797
14846
14910
14917
14917
14922
14924
14926
14973
14991
15014
15029
15037
15042
15050
15056
15081
15104
15117
15128
15130
15145
15148
15153
15160
15161
15167
15175
15180
15183
15189
15195
15196
15196
15221
15238
15244
15270
15280
15290
15294
15317
15327
15368
15368
15379
15400
15412
15433
15435
15441
15461
15474
15476
15478
15495
15499
15500
15517
15583
15593
15620
15629
15662
15665
15667
15692
15710
15710
15714
15735
15778
15790
15805
15817
15831
15839
15899
15904
15914
15918
15924
15926
15927
15930
15949
15968
15985
15990
15992
15999
16000
16010
16035
16039
16044
16066
16088
16089
16096
16111
16123
16125
16149
16150
16161
16169
16238
16247
16272
16279
16291
16294
16301
16342
16366
16392
16401
16408
16413
16420
16442
16452
16464
16469
16490
16497
16501
16502
16507
16514
16545
16547
16575
16600
16605
16662
16690
16690
16690
16703
16716
16717
16725
16742
16749
16751
16751
16763
16763
16773
16774
16784
16792
16820
16821
16827
16832
16836
16856
16885
16886
16888
16901
16903
16915
16920
16922
16925
16925
16927
16927
16928
16961
16963
17024
17025
17056
17102
17124
17151
17152
17171
17190
17191
17203
17208
17214
17218
17225
17236
17258
17270
17328
17344
17352
17365
17373
17376
17380
17396
17400
17403
17410
17456
17496
17528
17540
17553
17573
17611
17627
17640
17640
17658
17673
17683
17703
17734
17743
17746
17748
17749
17758
17796
17802
17824
17827
17830
17832
17849
17860
17865
17883
17884
17885
17891
17905
17939
17951
17954
17968
17969
17984
17987
18012
18038
18039
18054
18059
18137
18159
18174
18189
18205
18210
18221
18249
18280
18285
18302
18303
18306
18320
18343
18357
18373
18379
18379
18385
18386
18432
18435
18457
18485
18498
18499
18505
18523
18528
18532
18543
18548
18561
18573
18577
18587
18596
18598
18630
18642
18682
18690
18692
18710
18712
18714
18719
18742
18809
18813
18814
18844
18850
18857
18921
18926
18927
18935
18938
18939
18950
18950
18951
18956
18969
18977
19044
19061
19067
19077
19089
19092
19108
19127
19134
19137
19143
19184
19187
19195
19204
19220
19222
19224
19239
19263
19273
19301
19303
19385
19399
19418
19433
19437
19447
19537
19591
19596
19601
19620
19623
19628
19631
19633
19647
19657
19665
19682
19716
19760
19764
19775
19789
19795
19812
19822
19855
19861
19877
19880
19881
19886
19940
19949
19957
19967
19977
20003
20019
20024
20024
20040
20040
20047
20071
20090
20131
20151
20165
20170
20172
20180
20184
20187
20188
20199
20201
20212
20270
20272
20275
20289
20304
20313
20323
20365
20377
20378
20409
20432
20445
20464
20483
20504
20509
20524
20532
20554
20571
20582
20598
20617
20653
20656
20660
20679
20685
20706
20719
20728
20738
20740
20741
20758
20771
20792
20794
20870
20881
20888
20891
20898
20937
20939
20939
20941
20961
20966
20986
20991
21011
21023
21025
21025
21026
21033
21033
21034
21034
21037
21057
21084
21086
21100
21104
21112
21114
21118
21124
21133
21144
21147
21158
21187
21190
21215
21222
21231
21235
21243
21270
21274
21316
21323
21335
21372
21381
21390
21392
21416
21427
21430
21460
21481
21489
21521
21536
21544
21549
21561
21564
21586
21598
21619
21681
21721
21733
21745
21749
21768
21778
21795
21802
21811
21840
21868
21886
21912
21933
21937
21952
21963
21971
21974
21976
21987
21991
22002
22008
22015
22024
22027
22033
22038
22039
22056
22058
22073
22076
22084
22152
22158
22169
22200
22207
22260
22260
22265
22283
22298
22300
22304
22305
22312
22339
22344
22345
22346
22348
22364
22370
22374
22377
22385
22390
22401
22435
22439
22454
22459
22465
22471
22488
22501
22526
22530
22537
22542
22565
22574
22592
22602
22625
22644
22651
22655
22663
22665
22671
22682
22691
22706
22730
22732
22735
22739
22744
22747
22748
22755
22758
22782
22786
22803
22830
22849
22857
22914
22921
22936
22945
22983
22991
23001
23002
23032
23034
23034
23050
23050
23064
23066
23113
23119
23133
23139
23141
23147
23214
23234
23247
23269
23272
23293
23297
23301
23306
23320
23332
23347
23353
23364
23369
23372
23399
23407
23421
23424
23448
23516
23536
23539
23540
23554
23556
23563
23568
23580
23581
23583
23593
23600
23610
23622
23623
23630
23632
23724
23728
23734
23734
23735
23766
23769
23776
23788
23828
23833
23850
23885
23893
23894
23894
23927
23932
23940
23941
23942
23956
23967
23977
23989
23997
24004
24009
24017
24029
24047
24054
24076
24138
24167
24177
24177
24229
24255
24255
24296
24313
24332
24333
24342
24352
24371
24378
24404
24428
24429
24454
24458
24473
24507
24526
24527
24562
24562
24564
24571
24587
24588
24592
24597
24632
24668
24674
24681
24700
24728
24741
24742
24752
24777
24795
24801
24813
24815
24820
24821
24834
24840
24881
24900
24920
24922
24925
24931
24941
24945
24967
24973
24975
24985
24993
24997
25024
25024
25068
25075
25079
25091
25100
25103
25112
25129
25159
25178
25185
25185
25186
25189
25208
25251
25265
25269
25280
25282
25283
25290
25323
25327
25329
25335
25344
25350
25422
25471
25477
25487
25519
25535
25566
25580
25585
25585
25588
25629
25631
25648
25649
25656
25669
25675
25685
25831
25849
25869
25890
25909
25911
25914
25940
25951
25953
25957
25965
25977
25981
25982
25998
26017
26017
26021
26022
26034
26042
26047
26052
26054
26061
26066
26084
26090
26093
26093
26128
26128
26144
26157
26163
26179
26195
26223
26228
26232
26258
26273
26285
26296
26299
26313
26314
26319
26327
26333
26368
26382
26412
26433
26471
26485
26511
26519
26547
26553
26573
26577
26581
26591
26606
26639
26655
26683
26686
26690
26698
26725
26755
26776
26788
26794
26806
26861
26873
26881
26882
26890
26898
26919
26961
26970
26992
27010
27011
27028
27049
27057
27060
27061
27063
27138
27138
27143
27160
27160
27164
27173
27175
27188
27214
27220
27222
27225
27236
27247
27253
27289
27294
27296
27304
27312
27314
27323
27329
27329
27337
27356
27361
27363
27375
27413
27434
27436
27437
27443
27461
27462
27465
27470
27475
27485
27486
27508
27531
27541
27550
27558
27560
27580
27591
27592
27596
27628
27654
27655
27656
27663
27683
27685
27697
27698
27702
27711
27727
27735
27739
27740
27741
27750
27757
27769
27769
27772
27772
27774
27794
27831
27837
27875
27878
27887
27894
27894
27914
27951
27960
27981
27984
28019
28022
28022
28026
28029
28045
28049
28062
28076
28110
28117
28130
28130
28140
28151
28162
28170
28172
28188
28193
28217
28228
28240
28248
28256
28261
28287
28318
28321
28340
28342
28345
28371
28382
28382
28452
28455
28466
28474
28476
28489
28491
28494
28521
28527
28530
28539
28558
28561
28571
28574
28625
28627
28639
28644
28649
28650
28680
28689
28704
28727
28734
28748
28751
28761
28783
28809
28811
28819
28826
28853
28880
28890
28893
28904
28918
28938
28946
28957
28957
28992
28994
29017
29025
29034
29045
29065
29084
29086
29094
29114
29135
29149
29172
29173
29184
29190
29219
29248
29249
29251
29295
29321
29324
29337
29343
29366
29377
29386
29390
29417
29432
29432
29485
29497
29501
29538
29539
29543
29548
29553
29577
29579
29589
29590
29595
29600
29614
29620
29672
29677
29680
29692
29697
29700
29713
29722
29724
29726
29742
29753
29754
29758
29778
29781
29785
29789
29800
29802
29848
29848
29854
29894
29911
29922
29928
29931
29936
29944
29945
29950
29966
29973
30002
30005
30010
30017
30033
30038
30045
30082
30092
30108
30145
30150
30152
30171
30175
30176
30177
30186
30219
30229
30240
30261
30281
30298
30325
30333
30340
30346
30359
30367
30389
30395
30413
30417
30426
30427
30439
30459
30464
30484
30517
30517
30523
30528
30544
30544
30585
30610
30611
30614
30623
30633
30641
30646
30693
30748
30748
30749
30756
30794
30820
30836
30838
30838
30857
30858
30864
30878
30881
30886
30951
30959
30977
31042
31045
31046
31050
31062
31085
31093
31108
31114
31115
31125
31134
31142
31144
31189
31263
31265
31280
31289
31321
31324
31341
31358
31366
31371
31375
31409
31415
31441
31463
31482
31486
31500
31506
31516
31520
31521
31522
31529
31538
31558
31560
31561
31565
31566
31568
31569
31584
31596
31602
31603
31616
31618
31624
31633
31633
31639
31668
31676
31683
31685
31701
31702
31744
31754
31760
31763
31765
31766
31780
31781
31791
31794
31799
31804
31819
31820
31822
31856
31864
31868
31875
31890
31933
31943
31966
31977
31982
31985
31993
32002
32013
32014
32022
32047
32050
32057
32069
32086
32095
32119
32150
32157
32161
32167
32229
32254
32256
32284
32298
32301
32322
32366
32402
32423
32430
32437
32440
32450
32455
32466
32485
32499
32538
32541
32560
32565
32578
32581
32584
32599
32640
32672
32681
32691
32696
32705
32712
32716
32729
32740
32741
32743
32744
32745
32746
32761
32762
32763

