1
22
29
33
35
53
56
68
79
79
100
114
118
132
139
147
156
163
182
183
189
190
210
210
232
239
245
253
257
267
291
307
308
308
316
320
322
337
373
380
387
398
401
414
432
448
451
459
460
463
465
485
492
499
506
512
514
556
556
566
573
582
610
638
647
656
661
665
688
689
735
743
813
814
819
828
830
833
850
852
864
876
881
886
924
936
987
1001
1004
1014
1024
1044
1062
1092
1097
1099
1100
1133
1135
1153
1159
1160
1164
1186
1196
1202
1205
1212
1213
1218
1226
1231
1238
1251
1253
1277
1293
1293
1314
1340
1341
1368
1382
1383
1402
1409
1434
1454
1455
1460
1476
1508
1508
1512
1520
1530
1544
1553
1561
1577
1585
1591
1599
1599
1615
1619
1639
1656
1675
1677
1695
1702
1715
1716
1717
1740
1742
1762
1768
1769
1801
1807
1826
1831
1842
1856
1876
1902
1921
1921
1929
1934
1948
1963
1972
1982
1982
2006
2007
2017
2027
2027
2028
2035
2036
2067
2086
2094
2114
2121
2137
2166
2169
2171
2179
2183
2184
2210
2237
2239
2247
2249
2292
2303
2322
2342
2358
2361
2381
2384
2403
2409
2433
2463
2466
2471
2471
2533
2540
2550
2552
2557
2560
2590
2600
2604
2605
2615
2615
2632
2651
2671
2705
2732
2733
2738
2739
2760
2762
2771
2777
2777
2788
2788
2796
2812
2839
2845
2860
2867
2873
2898
2905
2920
2929
2933
2976
2987
2997
3000
3024
3025
3063
3068
3073
3074
3079
3132
3137
3142
3160
3168
3174
3202
3207
3223
3247
3248
3252
3252
3257
3277
3291
3299
3331
3333
3339
3343
3343
3344
3350
3356
3390
3392
3431
3449
3473
3478
3491
3492
3492
3519
3521
3524
3548
3587
3605
3615
3639
3660
3690
3692
3717
3717
3736
3742
3759
3765
3766
3781
3795
3800
3835
3855
3881
3891
3900
3909
3919
3939
3961
3966
3970
3975
4006
4009
4021
4027
4029
4041
4055
4056
4066
4071
4086
4089
4103
4146
4147
4149
4152
4160
4164
4167
4184
4202
4222
4238
4241
4243
4254
4282
4283
4309
4339
4344
4349
4367
4371
4401
4407
4417
4441
4460
4463
4469
4478
4479
4565
4569
4584
4588
4593
4598
4611
4622
4628
4646
4695
4701
4712
4724
4726
4769
4772
4792
4812
4864
4867
4879
4884
4900
4921
4927
4937
4938
4946
4949
4971
4981
4988
5030
5051
5070
5101
5101
5104
5106
5128
5177
5210
5211
5214
5221
5236
5265
5329
5334
5365
5372
5407
5417
5424
5427
5450
5454
5468
5490
5495
5497
5497
5512
5516
5529
5544
5545
5575
5581
5603
5609
5639
5648
5663
5675
5682
5689
5690
5720
5728
5754
5764
5765
5799
5805
5820
5856
5860
5874
5878
5904
5921
5930
5949
5970
5972
5977
5984
5998
6059
6078
6115
6124
6169
6173
6216
6232
6236
6238
6238
6252
6263
6276
6284
6293
6322
6341
6344
6347
6363
6369
6372
6376
6377
6417
6444
6445
6450
6465
6484
6491
6521
6534
6540
6547
6562
6578
6612
6621
6629
6663
6664
6669
6670
6700
6703
6708
6729
6731
6751
6766
6770
6773
6783
6793
6796
6830
6839
6854
6869
6870
6916
6918
6926
6937
6941
6945
6947
6969
6990
6993
7018
7032
7037
7040
7053
7065
7078
7107
7108
7128
7133
7148
7154
7156
7163
7184
7207
7217
7229
7239
7253
7269
7276
7282
7295
7302
7363
7368
7368
7399
7429
7435
7478
7480
7485
7489
7526
7538
7561
7562
7564
7565
7584
7592
7598
7599
7599
7602
7603
7620
7624
7677
7706
7710
7719
7748
7752
7757
7759
7761
7764
7767
7771
7774
7780
7781
7855
7858
7859
7900
7910
7932
7944
7953
7954
7965
7976
8012
8024
8039
8042
8068
8071
8074
8084
8115
8132
8136
8195
8196
8205
8219
8236
8240
8241
8269
8278
8298
8301
8306
8312
8316
8319
8364
8381
8392
8393
8395
8396
8401
8421
8424
8424
8427
8449
8468
8507
8509
8510
8515
8523
8529
8560
8571
8581
8598
8613
8624
8652
8666
8689
8694
8698
8734
8740
8751
8759
8760
8779
8792
8799
8890
8890
8898
8918
8951
8967
8976
8978
8980
8990
9012
9040
9047
9068
9087
9100
9102
9105
9147
9160
9167
9175
9181
9184
9194
9201
9251
9269
9279
9289
9297
9299
9307
9321
9322
9329
9356
9370
9383
9384
9385
9388
9390
9404
9420
9429
9436
9467
9485
9487
9496
9515
9525
9531
9546
9551
9553
9594
9596
9627
9638
9643
9655
9680
9684
9686
9688
9691
9704
9731
9731
9754
9757
9780
9782
9791
9802
9824
9828
9836
9851
9851
9856
9857
9859
9874
9876
9881
9882
9894
9902
9914
9917
9918
9931
9956
9974
9983
9988
10038
10045
10052
10059
10064
10069
10070
10079
10087
10091
10134
10147
10148
10178
10195
10211
10220
10241
10249
10249
10256
10269
10304
10306
10325
10326
10330
10332
10358
10370
10375
10417
10429
10429
10432
10465
10472
10481
10509
10562
10606
10609
10611
10623
10624
10640
10655
10662
10674
10686
10705
10706
10706
10710
10710
10735
10736
10752
10782
10785
10792
10808
10830
10837
10844
10867
10876
10902
10917
10924
10940
10956
10965
10982
11007
11013
11019
11038
11049
11074
11087
11098
11100
11117
11123
11163
11173
11192
11194
11200
11222
11225
11226
11228
11230
11241
11251
11256
11262
11274
11282
11282
11284
11314
11317
11318
11329
11337
11344
11348
11356
11360
11382
11393
11399
11408
11425
11440
11446
11455
11456
11480
11480
11492
11503
11506
11539
11539
11549
11552
11569
11572
11584
11608
11616
11629
11638
11643
11648
11679
11686
11701
11718
11720
11737
11738
11748
11763
11767
11770
11774
11787
11806
11813
11814
11821
11827
11852
11856
11859
11862
11870
11885
11893
11902
11907
11909
11914
11916
11919
11929
11939
11979
11996
12027
12048
12066
12079
12087
12096
12131
12150
12161
12173
12174
12175
12194
12204
12223
12229
12244
12258
12294
12297
12308
12309
12312
12313
12315
12356
12370
12375
12376
12390
12393
12398
12417
12419
12423
12426
12435
12446
12450
12481
12491
12494
12579
12586
12591
12638
12645
12648
12654
12662
12669
12706
12712
12730
12798
12819
12826
12836
12839
12840
12844
12855
12857
12863
12867
12887
12889
12904
12972
12973
12986
12992
13013
13036
13089
13106
13116
13118
13130
13150
13162
13194
13199
13205
13212
13233
13266
13274
13302
13340
13342
13392
13409
13411
13412
13420
13428
13435
13436
13438
13456
13486
13488
13501
13510
13511
13522
13528
13535
13542
13557
13593
13608
13624
13624
13640
13646
13650
13654
13660
13667
13672
13705
13714
13718
13719
13744
13749
13750
13801
13818
13823
13827
13830
13839
13844
13875
13897
13915
13919
13937
13939
13947
13949
13953
13958
13987
13999
14004
14007
14011
14029
14039
14048
14057
14063
14082
14087
14094
14095
14107
14122
14145
14150
14158
14164
14178
14193
14194
14205
14207
14235
14239
14246
14249
14250
14263
14281
14310
14312
14330
14350
14352
14364
14366
14370
14379
14386
14409
14412
14421
14426
14428
14497
14499
14504
14506
14517
14530
14547
14554
14561
14584
14588
14592
14595
14608
14621
14654
14671
14691
14722
14724
14730
14737
14748
14750
14767
14776
14787
14788
14810
14814
14824
14829
14833
14835
14840
14846
14853
14860
14877
14895
14896
14904
14906
14908
14913
14957
14966
14967
14969
14984
14988
14991
15002
15009
15013
15021
15039
15078
15079
15102
15109
15116
15137
15137
15156
15167
15186
15202
15202
15272
15282
15283
15286
15327
15334
15370
15371
15379
15383
15387
15396
15400
15400
15449
15465
15467
15474
15500
15524
15531
15538
15544
15546
15569
15583
15593
15596
15617
15619
15649
15650
15651
15654
15664
15696
15724
15753
15757
15762
15766
15766
15802
15834
15839
15842
15843
15862
15870
15871
15879
15893
15896
15902
15908
15977
15981
16001
16008
16009
16037
16040
16063
16101
16124
16138
16139
16154
16179
16194
16215
16215
16219
16231
16260
16265
16295
16295
16306
16314
16329
16334
16339
16343
16359
16366
16403
16428
16430
16438
16440
16447
16456
16471
16486
16500
16529
16548
16572
16607
16610
16626
16634
16685
16686
16732
16736
16749
16754
16754
16774
16795
16820
16822
16825
16828
16841
16841
16866
16885
16904
16906
16908
16910
16910
16935
16938
16976
17020
17021
17032
17037
17038
17052
17054
17058
17060
17070
17079
17107
17109
17116
17122
17133
17134
17136
17150
17203
17210
17214
17215
17257
17273
17285
17287
17287
17295
17307
17321
17342
17343
17361
17406
17446
17503
17517
17518
17536
17566
17583
17601
17608
17614
17652
17664
17679
17689
17693
17724
17726
17745
17760
17775
17777
17777
17782
17788
17790
17819
17829
17835
17865
17905
17907
17917
17937
17960
17982
17987
17993
18003
18019
18043
18048
18052
18055
18059
18060
18065
18079
18084
18114
18117
18135
18147
18156
18161
18177
18180
18197
18199
18214
18236
18241
18241
18246
18259
18259
18284
18312
18333
18350
18358
18372
18388
18396
18399
18402
18405
18428
18432
18435
18441
18459
18467
18488
18488
18492
18508
18527
18540
18546
18554
18559
18587
18600
18617
18619
18627
18646
18660
18664
18682
18687
18705
18707
18713
18733
18746
18751
18753
18761
18774
18790
18813
18822
18826
18830
18838
18852
18853
18855
18866
18871
18880
18905
18907
18915
18927
18938
18946
18950
18955
18977
18992
19002
19019
19035
19036
19039
19039
19044
19073
19094
19095
19102
19119
19165
19167
19180
19201
19221
19228
19232
19239
19250
19259
19259
19269
19277
19278
19299
19317
19331
19363
19377
19402
19403
19411
19417
19444
19444
19449
19449
19458
19460
19500
19505
19508
19515
19518
19526
19550
19559
19649
19669
19675
19678
19683
19688
19694
19702
19706
19710
19753
19766
19769
19775
19808
19813
19828
19849
19851
19851
19868
19891
19896
19905
19917
19927
19931
19937
19941
19944
19973
19996
20018
20033
20044
20046
20050
20052
20066
20082
20090
20096
20104
20123
20136
20155
20169
20175
20192
20214
20217
20247
20247
20248
20290
20319
20321
20355
20361
20397
20399
20403
20417
20430
20445
20451
20459
20462
20463
20489
20495
20499
20512
20522
20542
20543
20564
20567
20575
20592
20621
20623
20633
20645
20670
20671
20687
20695
20695
20696
20702
20708
20755
20765
20765
20783
20813
20816
20837
20837
20839
20851
20870
20877
20879
20897
20907
20908
20909
20914
20914
20937
20966
20994
21018
21021
21061
21098
21107
21143
21144
21147
21159
21160
21193
21195
21198
21202
21202
21223
21229
21236
21236
21266
21275
21293
21307
21311
21350
21352
21358
21360
21425
21463
21470
21477
21501
21516
21517
21560
21594
21599
21608
21614
21618
21630
21671
21674
21686
21700
21701
21703
21723
21737
21760
21781
21786
21788
21803
21807
21814
21822
21826
21828
21834
21846
21852
21881
21886
21888
21897
21914
21923
21924
21924
21931
21952
21967
22006
22029
22070
22101
22119
22119
22127
22130
22137
22139
22142
22142
22149
22159
22187
22200
22220
22230
22230
22262
22289
22292
22297
22327
22334
22344
22363
22370
22371
22388
22390
22424
22424
22424
22429
22434
22473
22477
22483
22493
22503
22539
22546
22557
22565
22573
22580
22583
22588
22629
22643
22658
22660
22670
22673
22691
22693
22698
22700
22707
22732
22739
22743
22751
22762
22790
22862
22866
22867
22873
22898
22903
22912
22914
22915
22925
22925
22953
22979
23003
23003
23010
23064
23080
23102
23115
23129
23191
23193
23197
23198
23208
23212
23216
23226
23238
23260
23272
23283
23283
23287
23314
23323
23328
23329
23349
23354
23377
23412
23426
23428
23430
23440
23451
23477
23485
23504
23535
23552
23560
23566
23570
23570
23579
23583
23593
23601
23633
23641
23656
23658
23666
23682
23690
23700
23701
23716
23717
23743
23768
23772
23772
23781
23782
23808
23818
23825
23831
23837
23877
23892
23899
23916
23916
23920
23928
23934
23961
23966
24015
24024
24059
24063
24088
24102
24103
24118
24136
24143
24164
24167
24170
24171
24176
24181
24189
24196
24210
24235
24247
24262
24268
24277
24281
24294
24305
24306
24334
24377
24385
24411
24474
24500
24520
24571
24594
24595
24631
24642
24659
24668
24668
24688
24697
24702
24705
24707
24708
24734
24747
24750
24753
24765
24784
24801
24805
24825
24828
24830
24832
24832
24848
24879
24909
24919
24925
24927
24955
24968
24971
24972
24981
24981
24988
25000
25042
25043
25065
25066
25071
25109
25110
25111
25116
25131
25156
25165
25184
25190
25196
25208
25213
25251
25276
25287
25313
25314
25330
25351
25362
25365
25377
25391
25401
25466
25495
25495
25502
25512
25523
25525
25526
25543
25567
25612
25639
25652
25677
25698
25701
25706
25706
25726
25729
25751
25760
25766
25769
25775
25817
25823
25825
25868
25891
25892
25906
25930
25993
26010
26024
26029
26037
26050
26053
26114
26126
26208
26229
26241
26261
26266
26283
26285
26318
26340
26352
26415
26454
26464
26489
26508
26514
26517
26542
26550
26551
26552
26557
26604
26609
26627
26646
26659
26670
26684
26689
26723
26724
26747
26749
26755
26781
26785
26787
26787
26794
26833
26837
26847
26851
26896
26900
26917
26919
26930
26938
26946
26969
26992
26997
26998
27017
27019
27063
27082
27094
27094
27119
27154
27159
27169
27198
27201
27219
27225
27235
27271
27283
27286
27318
27336
27354
27425
27434
27436
27447
27450
27451
27459
27460
27522
27542
27597
27630
27660
27664
27716
27729
27734
27744
27774
27784
27793
27802
27852
27855
27867
27868
27903
27939
27947
27954
27970
27972
27977
27997
28009
28016
28024
28025
28050
28052
28052
28056
28071
28093
28107
28122
28131
28147
28152
28154
28167
28169
28179
28187
28204
28209
28212
28215
28217
28218
28220
28232
28233
28235
28243
28261
28261
28275
28303
28352
28376
28382
28398
28407
28416
28418
28431
28449
28457
28461
28503
28527
28554
28571
28571
28582
28591
28599
28600
28609
28614
28620
28623
28649
28657
28660
28671
28690
28692
28703
28714
28718
28757
28760
28772
28793
28797
28832
28832
28842
28847
28852
28852
28863
28877
28877
28882
28892
28916
28933
28950
28969
29017
29020
29034
29034
29066
29081
29086
29108
29108
29128
29144
29156
29165
29179
29184
29187
29193
29194
29206
29220
29247
29276
29283
29284
29303
29315
29320
29332
29363
29379
29399
29404
29411
29415
29418
29423
29429
29431
29455
29473
29506
29568
29570
29581
29587
29590
29598
29613
29638
29661
29663
29684
29697
29706
29728
29744
29753
29782
29821
29847
29869
29874
29880
29896
29913
29916
29924
29928
29938
29951
29965
29972
29974
29979
29986
29991
30025
30026
30032
30088
30090
30099
30104
30107
30113
30125
30145
30148
30151
30157
30173
30186
30195
30215
30225
30240
30277
30288
30291
30319
30326
30334
30353
30369
30436
30454
30473
30514
30519
30525
30528
30531
30533
30534
30544
30550
30551
30553
30583
30593
30616
30626
30635
30640
30654
30673
30683
30697
30717
30730
30737
30740
30745
30749
30750
30781
30785
30790
30799
30802
30802
30814
30832
30837
30889
30894
30897
30899
30906
30907
30947
30976
30985
30987
30987
30999
31012
31031
31044
31046
31051
31057
31062
31083
31083
31094
31095
31118
31134
31146
31154
31162
31181
31189
31201
31206
31221
31285
31299
31304
31305
31330
31340
31347
31367
31383
31387
31389
31404
31409
31410
31419
31427
31464
31466
31473
31534
31540
31542
31545
31558
31562
31567
31568
31569
31570
31579
31588
31593
31609
31630
31632
31632
31640
31651
31656
31660
31667
31694
31696
31698
31747
31748
31768
31775
31778
31781
31797
31797
31799
31822
31828
31846
31885
31893
31934
31952
31968
31970
32006
32012
32019
32024
32035
32100
32126
32170
32200
32213
32225
32239
32244
32248
32264
32270
32273
32279
32288
32290
32306
32316
32317
32344
32355
32379
32383
32387
32388
32396
32404
32407
32421
32433
32449
32462
32465
32476
32492
32509
32529
32542
32552
32563
32573
32582
32583
32603
32632
32641
32643
32653
32699
32704
32711
32738
32739
32744
32760

