3
21
49
56
60
78
85
107
115
127
134
154
157
166
179
180
187
242
248
248
257
280
281
301
302
309
325
332
334
340
341
347
380
381
414
428
437
444
460
463
469
497
512
535
540
568
588
590
596
620
640
647
668
682
697
700
701
708
713
715
715
717
722
761
764
774
795
800
813
816
818
840
841
858
861
869
885
899
949
958
998
999
1016
1023
1023
1024
1027
1028
1051
1095
1114
1130
1139
1143
1147
1148
1154
1160
1225
1237
1239
1252
1258
1269
1345
1354
1383
1402
1431
1443
1444
1492
1496
1530
1539
1558
1567
1582
1608
1637
1643
1654
1680
1691
1694
1710
1715
1719
1723
1727
1734
1737
1753
1787
1828
1830
1851
1872
1875
1899
1939
1950
1969
1996
2010
2014
2014
2033
2057
2083
2098
2109
2125
2138
2142
2148
2149
2155
2157
2166
2181
2187
2194
2248
2283
2332
2334
2345
2355
2360
2397
2401
2419
2420
2423
2448
2453
2455
2458
2466
2481
2481
2504
2518
2530
2539
2540
2551
2553
2555
2571
2588
2591
2601
2601
2609
2616
2660
2662
2671
2693
2726
2729
2739
2759
2771
2777
2798
2811
2815
2831
2842
2850
2851
2882
2883
2938
2946
2955
2967
3005
3011
3028
3032
3045
3045
3060
3087
3088
3102
3108
3109
3135
3141
3142
3145
3151
3173
3175
3183
3209
3266
3268
3272
3290
3307
3309
3310
3320
3324
3344
3378
3380
3408
3416
3433
3480
3498
3526
3540
3548
3575
3594
3609
3613
3622
3639
3659
3663
3681
3714
3723
3742
3743
3757
3802
3820
3845
3858
3916
3924
3928
3935
3939
3965
3969
3977
3989
4013
4021
4025
4030
4037
4041
4088
4097
4098
4106
4107
4109
4117
4130
4136
4173
4182
4183
4187
4210
4271
4327
4328
4331
4344
4367
4403
4457
4461
4466
4478
4482
4489
4509
4515
4519
4523
4532
4553
4573
4590
4601
4611
4621
4646
4649
4659
4659
4692
4711
4737
4739
4740
4754
4754
4784
4793
4817
4818
4819
4835
4841
4867
4878
4888
4900
4924
4941
4944
4951
4962
4966
4982
4985
4996
4998
5003
5012
5018
5024
5057
5062
5068
5090
5097
5122
5139
5142
5149
5165
5168
5174
5189
5216
5218
5227
5232
5240
5264
5268
5282
5284
5304
5312
5318
5322
5323
5329
5362
5364
5373
5439
5442
5493
5502
5548
5548
5550
5558
5561
5561
5566
5586
5618
5625
5629
5650
5691
5693
5699
5699
5703
5706
5709
5712
5713
5720
5724
5744
5764
5772
5773
5793
5800
5836
5840
5892
5893
5894
5899
5904
5905
5907
5909
5911
5940
5943
5948
5949
5956
5956
5978
6029
6054
6088
6089
6097
6105
6106
6125
6149
6155
6169
6170
6186
6216
6249
6259
6308
6310
6319
6324
6329
6335
6362
6396
6417
6418
6419
6422
6426
6433
6480
6514
6515
6528
6532
6560
6565
6580
6585
6589
6592
6596
6603
6628
6635
6646
6654
6671
6674
6680
6718
6734
6738
6739
6746
6760
6762
6773
6775
6788
6809
6812
6830
6846
6852
6857
6862
6863
6877
6890
6901
6910
6943
6948
6958
6960
6973
6973
6977
6992
6993
6998
6998
7022
7035
7056
7058
7062
7081
7083
7098
7156
7161
7175
7177
7202
7212
7243
7246
7251
7259
7262
7263
7272
7275
7280
7296
7303
7307
7336
7352
7369
7381
7435
7440
7442
7450
7459
7473
7504
7519
7547
7554
7566
7570
7575
7579
7599
7622
7632
7648
7686
7728
7743
7752
7790
7790
7792
7797
7803
7807
7866
7881
7900
7910
7914
7925
7989
7997
8014
8019
8022
8084
8112
8114
8124
8145
8152
8156
8172
8206
8240
8244
8259
8260
8289
8297
8300
8306
8315
8329
8345
8365
8378
8378
8404
8408
8421
8446
8449
8457
8493
8512
8520
8520
8521
8533
8553
8557
8582
8599
8603
8617
8618
8644
8661
8664
8671
8672
8685
8697
8707
8728
8729
8733
8734
8734
8744
8757
8802
8812
8815
8815
8819
8826
8834
8839
8855
8866
8893
8895
8932
8933
8938
8938
8944
8960
9001
9003
9028
9061
9130
9131
9145
9172
9210
9233
9251
9277
9279
9298
9300
9300
9311
9326
9342
9361
9371
9383
9395
9436
9440
9468
9473
9501
9520
9532
9547
9554
9554
9561
9575
9583
9596
9605
9607
9619
9637
9642
9647
9661
9661
9699
9702
9733
9745
9773
9776
9790
9790
9796
9798
9818
9826
9834
9864
9869
9875
9941
9989
10004
10016
10035
10054
10058
10062
10063
10078
10115
10121
10132
10134
10137
10148
10159
10159
10170
10219
10226
10276
10287
10288
10303
10308
10315
10384
10403
10415
10444
10470
10476
10497
10505
10517
10530
10534
10538
10545
10566
10569
10575
10605
10605
10644
10647
10656
10681
10688
10694
10716
10726
10731
10743
10744
10754
10765
10766
10770
10785
10801
10812
10815
10815
10817
10824
10856
10867
10880
10889
10897
10919
10936
10943
10946
10955
10955
10958
10974
11016
11022
11049
11052
11057
11061
11061
11066
11068
11077
11101
11110
11119
11142
11159
11162
11164
11187
11191
11197
11215
11219
11221
11241
11256
11279
11327
11341
11346
11362
11388
11400
11413
11415
11417
11422
11433
11439
11440
11440
11466
11472
11475
11512
11543
11573
11580
11610
11630
11630
11672
11674
11682
11723
11734
11736
11738
11741
11742
11751
11780
11792
11793
11796
11804
11819
11841
11842
11858
11859
11864
11873
11898
11903
11919
11938
11942
11951
11960
11964
11967
11995
11996
12002
12027
12029
12044
12065
12067
12075
12075
12096
12097
12122
12141
12144
12154
12155
12159
12174
12215
12224
12255
12277
12286
12293
12296
12313
12313
12316
12335
12339
12355
12373
12395
12416
12456
12470
12484
12492
12502
12519
12527
12541
12557
12564
12597
12656
12662
12665
12668
12679
12685
12694
12706
12717
12725
12728
12745
12753
12769
12776
12786
12804
12818
12820
12839
12844
12847
12850
12852
12853
12886
12896
12908
12915
12922
12924
12938
12949
12970
12974
12994
13023
13030
13055
13064
13073
13081
13118
13132
13145
13149
13151
13162
13168
13179
13184
13195
13196
13200
13204
13204
13207
13211
13218
13219
13244
13279
13285
13288
13291
13301
13326
13335
13350
13357
13374
13378
13390
13396
13401
13405
13411
13452
13458
13459
13487
13493
13512
13530
13534
13545
13567
13573
13579
13580
13597
13597
13598
13616
13617
13621
13665
13678
13683
13698
13698
13722
13728
13731
13755
13759
13772
13784
13807
13831
13866
13882
13904
13905
13920
13923
13940
13941
13958
13963
13966
14045
14052
14070
14072
14084
14094
14101
14120
14128
14142
14144
14153
14162
14166
14200
14210
14232
14233
14248
14266
14267
14325
14331
14345
14350
14365
14365
14366
14367
14370
14377
14391
14396
14418
14418
14421
14423
14430
14438
14438
14451
14474
14474
14504
14505
14506
14511
14516
14522
14526
14527
14529
14536
14540
14570
14571
14599
14614
14629
14649
14668
14668
14674
14694
14713
14741
14769
14780
14849
14855
14881
14887
14891
14893
14904
14918
14965
14966
14983
14987
14990
15006
15018
15027
15049
15063
15076
15080
15091
15092
15103
15167
15168
15198
15201
15217
15218
15226
15228
15232
15239
15245
15254
15272
15272
15287
15287
15319
15320
15327
15342
15406
15417
15425
15440
15455
15476
15496
15509
15521
15524
15533
15536
15553
15566
15569
15577
15585
15606
15702
15710
15719
15737
15737
15738
15741
15752
15788
15790
15790
15798
15823
15826
15827
15863
15863
15878
15906
15911
15940
15962
15966
15978
15990
15997
16022
16032
16032
16039
16071
16071
16079
16114
16119
16119
16122
16125
16126
16129
16131
16137
16145
16160
16162
16166
16170
16188
16192
16205
16206
16206
16227
16229
16230
16258
16265
16281
16288
16290
16322
16339
16365
16366
16432
16443
16455
16475
16503
16521
16522
16532
16540
16551
16552
16554
16566
16571
16579
16584
16585
16640
16641
16662
16681
16700
16708
16751
16767
16794
16799
16805
16805
16813
16817
16824
16832
16835
16849
16866
16870
16876
16885
16896
16908
16910
16960
16963
16966
16977
16987
17001
17008
17015
17025
17038
17042
17046
17066
17081
17089
17091
17107
17127
17131
17133
17178
17179
17201
17217
17259
17271
17276
17278
17281
17299
17302
17319
17333
17344
17353
17405
17408
17425
17426
17447
17448
17458
17469
17476
17478
17484
17509
17520
17521
17524
17545
17546
17554
17555
17567
17576
17602
17606
17637
17644
17648
17654
17655
17659
17667
17673
17692
17711
17723
17728
17740
17759
17771
17790
17817
17820
17826
17834
17837
17839
17868
17875
17881
17906
17917
17924
17928
17932
17947
17947
17970
17972
18013
18031
18057
18070
18071
18075
18083
18103
18110
18111
18119
18123
18127
18138
18160
18166
18173
18198
18199
18200
18206
18250
18256
18258
18267
18277
18310
18319
18353
18380
18387
18414
18415
18428
18435
18436
18446
18465
18465
18469
18469
18472
18481
18484
18550
18550
18569
18591
18610
18610
18621
18621
18623
18662
18664
18682
18721
18755
18769
18814
18827
18834
18834
18843
18857
18884
18906
18913
18916
18923
18936
19000
19003
19005
19006
19019
19028
19059
19078
19097
19114
19136
19138
19140
19143
19154
19156
19157
19159
19161
19211
19213
19228
19240
19244
19265
19266
19272
19277
19309
19317
19319
19325
19334
19339
19342
19358
19370
19391
19392
19396
19414
19424
19445
19468
19501
19509
19512
19515
19519
19523
19549
19554
19557
19561
19573
19611
19619
19623
19624
19627
19632
19634
19636
19640
19646
19655
19672
19673
19682
19685
19703
19737
19761
19762
19781
19790
19814
19824
19826
19827
19833
19838
19840
19844
19846
19855
19860
19864
19874
19874
19883
19895
19896
19904
19932
19937
19952
19962
19964
19976
19986
19998
20028
20041
20051
20091
20092
20093
20096
20115
20119
20120
20129
20132
20143
20158
20158
20166
20203
20216
20237
20266
20282
20339
20356
20362
20375
20385
20387
20409
20409
20411
20411
20428
20441
20442
20447
20457
20467
20478
20496
20508
20518
20523
20543
20544
20546
20554
20556
20558
20559
20572
20585
20621
20628
20638
20643
20643
20661
20663
20665
20696
20698
20699
20700
20728
20728
20732
20751
20782
20790
20815
20824
20842
20855
20881
20894
20917
20918
20935
20965
20971
20974
20984
20990
21004
21038
21057
21079
21092
21102
21122
21130
21190
21193
21196
21199
21212
21214
21221
21256
21305
21308
21320
21326
21344
21365
21378
21384
21493
21496
21538
21540
21540
21559
21565
21598
21598
21601
21632
21644
21644
21650
21657
21657
21664
21667
21671
21676
21684
21687
21698
21713
21724
21729
21743
21784
21798
21815
21816
21824
21827
21843
21847
21861
21865
21880
21898
21905
21934
21935
21945
21948
21961
21977
21981
21990
21999
22007
22011
22031
22039
22043
22049
22053
22056
22060
22073
22113
22121
22178
22189
22189
22190
22196
22209
22211
22212
22221
22229
22237
22246
22255
22273
22273
22326
22326
22335
22343
22363
22370
22381
22384
22392
22421
22442
22447
22453
22469
22476
22479
22493
22496
22505
22554
22559
22565
22568
22575
22584
22585
22586
22588
22591
22603
22605
22627
22642
22646
22673
22675
22676
22689
22690
22699
22728
22731
22747
22754
22818
22819
22820
22823
22827
22836
22844
22849
22858
22880
22896
22912
22918
22948
22961
22966
22986
22994
22996
23037
23053
23068
23081
23104
23106
23115
23116
23125
23169
23200
23200
23208
23209
23219
23221
23272
23285
23299
23324
23327
23331
23332
23333
23345
23356
23363
23381
23401
23412
23415
23416
23425
23437
23474
23487
23490
23501
23510
23521
23522
23559
23559
23560
23563
23570
23576
23597
23624
23636
23638
23649
23657
23679
23689
23697
23708
23719
23725
23738
23773
23775
23786
23809
23813
23835
23862
23891
23926
23950
23954
23988
24009
24024
24045
24060
24067
24077
24078
24087
24088
24110
24113
24113
24157
24158
24186
24193
24199
24218
24221
24222
24260
24274
24281
24287
24290
24293
24295
24316
24343
24357
24364
24368
24374
24378
24431
24435
24435
24446
24462
24488
24519
24527
24537
24549
24556
24593
24606
24621
24633
24633
24640
24641
24655
24665
24669
24671
24677
24702
24703
24704
24707
24708
24756
24767
24780
24806
24814
24819
24824
24860
24861
24862
24875
24883
24899
24907
24914
24915
24916
24937
24967
24969
24972
24977
24979
24984
24996
24997
24999
25039
25041
25043
25054
25075
25106
25106
25108
25120
25145
25161
25167
25171
25178
25185
25188
25193
25195
25205
25219
25225
25256
25270
25271
25272
25275
25276
25283
25287
25307
25318
25334
25339
25360
25390
25409
25409
25416
25417
25436
25438
25439
25447
25449
25459
25466
25493
25503
25535
25539
25542
25544
25595
25609
25616
25632
25632
25641
25660
25678
25681
25690
25701
25721
25724
25731
25761
25777
25790
25809
25818
25864
25878
25895
25897
25912
25918
25936
25948
25957
25957
25961
25979
25983
25993
26019
26024
26031
26034
26036
26088
26092
26101
26103
26114
26130
26132
26160
26174
26182
26182
26227
26254
26277
26300
26301
26322
26332
26366
26374
26383
26387
26390
26399
26433
26435
26450
26486
26492
26495
26497
26502
26538
26548
26549
26555
26561
26594
26604
26617
26625
26625
26629
26642
26653
26665
26673
26693
26708
26746
26753
26781
26801
26820
26826
26836
26840
26843
26843
26853
26866
26871
26871
26885
26900
26901
26915
26946
26949
26968
26969
26973
26996
27001
27010
27061
27074
27083
27092
27122
27125
27146
27149
27158
27165
27175
27183
27207
27208
27210
27226
27234
27235
27255
27267
27284
27290
27294
27321
27352
27363
27366
27390
27416
27451
27467
27468
27488
27490
27513
27517
27550
27553
27578
27611
27630
27635
27646
27658
27680
27703
27710
27731
27734
27764
27773
27790
27809
27815
27844
27852
27884
27888
27913
27915
27926
27945
27948
27949
27960
27977
27986
27989
28035
28046
28070
28111
28122
28127
28130
28155
28172
28173
28175
28208
28267
28268
28276
28279
28312
28330
28340
28343
28349
28379
28386
28393
28403
28424
28462
28464
28472
28482
28489
28494
28507
28511
28522
28524
28531
28545
28562
28565
28574
28576
28586
28588
28591
28597
28607
28616
28623
28634
28643
28673
28684
28688
28711
28756
28757
28760
28775
28804
28804
28841
28849
28850
28864
28894
28908
28930
28939
28961
28989
29000
29015
29015
29026
29048
29053
29082
29113
29120
29123
29132
29146
29160
29166
29173
29192
29224
29227
29234
29241
29250
29265
29279
29286
29290
29329
29335
29355
29365
29372
29376
29398
29419
29426
29431
29434
29441
29482
29498
29505
29512
29516
29562
29578
29581
29599
29603
29618
29620
29634
29657
29659
29667
29674
29675
29694
29694
29717
29728
29737
29755
29758
29803
29810
29823
29833
29843
29875
29879
29881
29909
29913
29915
29916
29925
29959
29980
30025
30030
30043
30052
30056
30060
30091
30120
30131
30148
30184
30193
30199
30215
30239
30284
30287
30299
30303
30314
30323
30328
30340
30348
30351
30366
30371
30386
30388
30389
30406
30465
30473
30474
30497
30499
30510
30510
30511
30538
30539
30608
30612
30615
30652
30659
30681
30696
30703
30726
30737
30749
30751
30789
30792
30793
30793
30846
30861
30874
30877
30896
30915
30920
30922
30937
30947
30958
30959
30966
30990
31010
31012
31015
31027
31046
31051
31071
31085
31106
31108
31131
31134
31139
31167
31181
31182
31186
31205
31235
31267
31276
31296
31351
31383
31397
31410
31427
31453
31473
31503
31515
31515
31539
31567
31573
31574
31574
31596
31599
31636
31652
31658
31662
31675
31686
31690
31691
31726
31732
31747
31751
31754
31767
31803
31815
31825
31843
31850
31850
31895
31919
31924
31979
31993
32025
32025
32038
32039
32044
32050
32057
32068
32088
32099
32137
32155
32157
32158
32189
32225
32231
32242
32264
32268
32280
32284
32286
32288
32296
32299
32307
32310
32317
32329
32344
32344
32347
32355
32356
32358
32361
32362
32368
32370
32377
32403
32421
32426
32434
32443
32452
32454
32457
32461
32467
32478
32481
32498
32513
32527
32534
32535
32549
32556
32560
32582
32606
32611
32614
32634
32647
32668
32684
32745
32765

