23
29
35
42
49
62
67
72
74
89
129
129
139
157
178
186
197
213
224
234
238
256
263
270
283
290
308
337
346
354
361
376
383
386
396
406
413
418
424
436
461
466
483
496
505
525
550
551
556
575
602
613
627
631
645
654
658
662
671
702
712
717
717
717
727
746
750
791
791
791
797
817
830
832
860
871
895
913
928
930
935
950
956
957
968
993
1027
1045
1057
1063
1069
1073
1096
1100
1169
1175
1179
1179
1199
1212
1244
1246
1249
1254
1255
1258
1265
1279
1283
1306
1313
1316
1324
1341
1348
1351
1352
1359
1376
1380
1387
1396
1398
1412
1453
1464
1485
1520
1538
1552
1567
1583
1588
1591
1621
1634
1653
1665
1667
1704
1735
1752
1763
1788
1807
1816
1831
1837
1851
1857
1903
1907
1909
1920
1924
1927
1962
1978
1994
1999
2004
2016
2021
2024
2025
2042
2048
2056
2060
2063
2066
2071
2071
2074
2086
2094
2103
2106
2112
2123
2182
2201
2205
2206
2207
2216
2221
2229
2241
2249
2272
2277
2280
2281
2295
2295
2299
2302
2304
2325
2331
2338
2349
2368
2378
2398
2403
2407
2407
2418
2432
2471
2516
2521
2542
2543
2553
2555
2571
2573
2575
2582
2596
2604
2616
2630
2640
2641
2651
2666
2673
2715
2735
2765
2767
2770
2786
2791
2793
2797
2826
2829
2849
2853
2858
2865
2879
2916
2923
2932
2938
2940
2944
2951
2952
2956
2969
2984
2987
2988
3019
3029
3081
3091
3141
3239
3243
3243
3244
3260
3270
3276
3296
3315
3336
3339
3358
3364
3368
3372
3372
3376
3385
3400
3407
3408
3421
3435
3456
3477
3481
3493
3520
3568
3579
3597
3613
3619
3622
3635
3651
3660
3668
3674
3729
3737
3756
3796
3800
3808
3809
3810
3834
3872
3886
3888
3899
3904
3913
3921
3939
3944
3954
3971
3979
3982
3994
4012
4049
4068
4073
4124
4125
4163
4184
4201
4210
4212
4212
4236
4271
4289
4294
4322
4333
4346
4356
4373
4409
4428
4444
4470
4538
4542
4545
4547
4555
4585
4593
4594
4613
4644
4647
4647
4657
4670
4675
4701
4727
4783
4788
4789
4794
4821
4825
4847
4854
4860
4863
4864
4878
4879
4885
4887
4895
4906
4910
4911
4913
4921
4944
4949
4961
4972
5000
5000
5026
5065
5065
5071
5075
5118
5128
5153
5156
5182
5184
5212
5233
5243
5244
5250
5254
5267
5269
5278
5282
5296
5298
5300
5341
5366
5377
5389
5393
5428
5442
5445
5451
5459
5460
5466
5466
5474
5482
5483
5485
5485
5511
5511
5529
5564
5581
5591
5592
5593
5601
5609
5644
5653
5690
5696
5703
5711
5713
5740
5782
5815
5817
5875
5885
5888
5906
5918
5942
5947
5956
5964
5966
5975
5993
5997
6002
6023
6027
6045
6051
6055
6119
6137
6198
6209
6219
6223
6235
6310
6336
6350
6354
6358
6366
6367
6377
6378
6427
6449
6461
6466
6466
6472
6485
6489
6510
6525
6540
6544
6563
6564
6575
6600
6613
6615
6622
6655
6707
6733
6733
6757
6771
6774
6789
6795
6797
6829
6832
6835
6838
6843
6853
6867
6891
6907
6914
6931
6932
6945
6978
6997
7025
7035
7054
7059
7064
7089
7090
7153
7159
7166
7168
7176
7190
7194
7204
7211
7237
7240
7265
7292
7302
7335
7336
7338
7344
7349
7352
7361
7375
7399
7412
7419
7425
7436
7445
7461
7470
7485
7487
7521
7526
7532
7533
7595
7614
7649
7666
7680
7685
7702
7718
7736
7754
7755
7781
7794
7819
7833
7843
7843
7850
7883
7885
7886
7888
7889
7939
7942
7944
7946
7951
7953
7962
7970
7972
8008
8023
8026
8028
8069
8073
8085
8095
8107
8118
8122
8124
8138
8140
8157
8163
8177
8195
8201
8208
8224
8236
8242
8243
8253
8261
8288
8303
8314
8350
8353
8353
8366
8366
8374
8386
8396
8410
8436
8444
8448
8453
8453
8456
8486
8496
8523
8526
8526
8528
8538
8545
8558
8573
8589
8593
8609
8611
8619
8625
8636
8637
8644
8651
8674
8677
8766
8772
8772
8798
8806
8806
8813
8820
8824
8827
8828
8840
8848
8851
8860
8862
8867
8876
8878
8887
8893
8911
8924
8935
8952
8954
8960
9004
9009
9021
9024
9060
9075
9088
9096
9096
9117
9117
9123
9129
9168
9170
9177
9228
9231
9250
9252
9270
9280
9293
9312
9316
9335
9351
9359
9379
9383
9385
9386
9399
9435
9435
9448
9451
9458
9512
9514
9516
9529
9584
9604
9673
9676
9686
9686
9704
9713
9717
9740
9742
9761
9761
9761
9764
9769
9791
9816
9819
9839
9851
9863
9876
9879
9888
9903
9908
9908
9924
9933
9942
9946
9953
9964
9981
10012
10029
10036
10078
10095
10098
10099
10109
10112
10112
10126
10127
10129
10140
10154
10179
10187
10204
10211
10230
10248
10251
10254
10263
10265
10281
10285
10299
10321
10323
10331
10344
10348
10350
10351
10353
10359
10383
10391
10407
10412
10418
10431
10433
10439
10502
10504
10505
10508
10519
10533
10542
10551
10556
10603
10604
10629
10632
10633
10683
10702
10705
10706
10714
10717
10749
10756
10759
10781
10799
10799
10806
10816
10817
10829
10846
10872
10905
10906
10910
10946
10954
10961
10974
10976
11000
11005
11069
11071
11078
11081
11102
11115
11123
11133
11157
11180
11183
11200
11223
11294
11297
11304
11307
11323
11325
11327
11348
11353
11370
11372
11405
11415
11440
11474
11484
11517
11529
11561
11571
11574
11593
11630
11644
11655
11671
11676
11681
11703
11712
11716
11722
11734
11746
11752
11812
11844
11861
11864
11872
11893
11897
11902
11912
11932
11953
11959
11993
12021
12023
12025
12038
12084
12089
12133
12137
12138
12139
12180
12183
12190
12216
12223
12227
12234
12235
12240
12241
12246
12246
12271
12304
12310
12323
12329
12357
12359
12367
12387
12395
12398
12415
12448
12451
12456
12456
12473
12477
12478
12496
12505
12505
12514
12524
12542
12593
12596
12599
12602
12603
12627
12639
12648
12668
12668
12692
12699
12711
12712
12714
12725
12746
12758
12768
12770
12773
12773
12797
12799
12809
12810
12831
12846
12897
12898
12924
12927
12948
12950
13069
13072
13080
13089
13108
13126
13136
13137
13139
13140
13165
13182
13182
13182
13182
13194
13202
13202
13203
13208
13213
13214
13216
13217
13219
13222
13267
13273
13284
13292
13312
13316
13317
13360
13365
13367
13375
13376
13389
13395
13399
13409
13411
13432
13433
13479
13484
13485
13487
13492
13534
13537
13572
13589
13596
13600
13601
13611
13615
13617
13617
13643
13647
13738
13748
13799
13810
13818
13837
13845
13845
13845
13846
13848
13850
13853
13879
13907
13946
13972
14002
14012
14023
14037
14067
14084
14090
14116
14129
14137
14148
14192
14222
14231
14254
14264
14268
14276
14282
14285
14287
14291
14291
14291
14301
14307
14311
14315
14319
14354
14358
14363
14373
14374
14394
14399
14399
14421
14423
14430
14443
14465
14478
14478
14495
14518
14532
14533
14536
14553
14556
14565
14588
14597
14610
14620
14628
14629
14667
14668
14713
14721
14731
14739
14769
14798
14810
14810
14810
14812
14822
14836
14843
14858
14864
14880
14919
14927
14988
14998
15034
15038
15038
15043
15044
15074
15077
15082
15090
15106
15108
15114
15132
15143
15143
15149
15163
15173
15178
15183
15184
15216
15227
15236
15239
15268
15318
15328
15348
15368
15368
15402
15427
15436
15468
15481
15507
15510
15524
15543
15544
15556
15564
15566
15573
15586
15587
15589
15600
15600
15602
15608
15615
15644
15649
15674
15695
15697
15716
15727
15748
15841
15856
15863
15890
15891
15908
15938
15941
15959
15976
15977
15981
16024
16060
16080
16127
16134
16137
16137
16147
16156
16167
16175
16177
16197
16212
16214
16239
16263
16294
16309
16313
16322
16326
16335
16338
16341
16346
16346
16353
16381
16400
16422
16429
16436
16444
16450
16458
16473
16475
16486
16504
16539
16540
16583
16601
16642
16724
16741
16756
16766
16788
16792
16792
16798
16811
16814
16833
16864
16884
16891
16897
16906
16911
16913
16930
16938
16946
16970
16974
16979
16982
16999
17016
17036
17095
17119
17134
17142
17142
17193
17198
17209
17215
17215
17224
17226
17226
17233
17256
17257
17270
17272
17279
17288
17290
17290
17310
17324
17329
17340
17349
17357
17362
17381
17397
17408
17416
17438
17441
17454
17492
17530
17537
17564
17572
17577
17585
17592
17595
17600
17600
17637
17639
17643
17649
17657
17674
17689
17710
17723
17725
17727
17731
17749
17780
17790
17795
17816
17826
17826
17834
17842
17842
17883
17884
17886
17908
17910
17918
17931
17944
17950
17970
17971
17974
17978
17981
18027
18030
18032
18039
18041
18042
18052
18091
18101
18106
18108
18120
18120
18160
18214
18228
18271
18291
18297
18307
18311
18327
18349
18350
18363
18367
18367
18370
18371
18372
18379
18386
18416
18428
18438
18442
18444
18450
18491
18496
18512
18524
18529
18541
18546
18548
18569
18585
18586
18589
18604
18606
18614
18618
18621
18632
18633
18665
18670
18674
18685
18686
18695
18697
18701
18711
18721
18723
18741
18757
18768
18777
18780
18784
18802
18808
18814
18819
18845
18849
18851
18857
18909
18914
18926
18934
18934
18973
18978
18981
18983
19000
19008
19008
19021
19024
19025
19033
19041
19045
19058
19066
19078
19100
19109
19118
19132
19153
19164
19174
19209
19216
19216
19222
19247
19266
19267
19284
19288
19298
19306
19355
19376
19412
19419
19448
19453
19459
19467
19473
19481
19510
19532
19534
19540
19554
19555
19575
19588
19616
19631
19660
19680
19684
19691
19695
19706
19709
19747
19807
19810
19840
19841
19919
19928
19945
19952
19967
19984
19999
20015
20016
20018
20022
20031
20038
20048
20048
20054
20061
20064
20065
20075
20078
20087
20103
20104
20105
20118
20121
20133
20145
20162
20168
20183
20184
20204
20206
20218
20238
20240
20255
20265
20278
20281
20290
20313
20333
20357
20361
20366
20366
20377
20381
20406
20431
20445
20447
20456
20465
20473
20474
20477
20489
20542
20557
20565
20569
20591
20592
20606
20649
20664
20664
20679
20680
20717
20734
20745
20752
20754
20761
20785
20788
20795
20795
20823
20827
20846
20846
20846
20860
20870
20870
20891
20892
20896
20899
20908
20929
20936
20954
20956
20959
20970
20992
21019
21022
21053
21057
21075
21096
21099
21104
21133
21136
21145
21155
21173
21180
21180
21192
21194
21206
21207
21236
21239
21267
21284
21291
21350
21357
21362
21366
21372
21373
21388
21412
21427
21432
21448
21448
21448
21484
21488
21506
21510
21527
21548
21555
21574
21588
21617
21627
21643
21656
21669
21673
21677
21683
21688
21688
21703
21710
21711
21723
21727
21771
21797
21801
21803
21803
21846
21870
21879
21884
21891
21904
21906
21906
21922
21923
21937
21954
21959
21981
21985
22001
22005
22015
22046
22073
22095
22097
22124
22131
22148
22182
22193
22202
22214
22224
22240
22255
22273
22285
22297
22309
22338
22347
22372
22391
22392
22392
22403
22408
22417
22438
22441
22522
22525
22546
22549
22550
22572
22574
22576
22586
22586
22592
22614
22633
22655
22657
22661
22666
22671
22671
22697
22699
22718
22742
22794
22809
22815
22816
22841
22848
22854
22858
22862
22863
22871
22911
22925
22964
22972
23025
23032
23058
23064
23069
23082
23098
23115
23129
23145
23154
23158
23173
23183
23187
23191
23203
23223
23234
23241
23249
23263
23270
23283
23353
23391
23399
23421
23435
23444
23453
23460
23474
23489
23489
23493
23499
23509
23512
23517
23563
23586
23586
23593
23608
23618
23626
23648
23648
23650
23657
23662
23688
23721
23723
23740
23749
23767
23792
23812
23826
23851
23876
23894
23935
23966
23971
23982
24005
24018
24083
24099
24180
24203
24234
24251
24275
24284
24288
24294
24318
24354
24362
24365
24368
24384
24434
24436
24451
24456
24469
24470
24477
24494
24500
24528
24576
24578
24615
24650
24654
24657
24695
24712
24724
24731
24731
24738
24743
24745
24752
24773
24776
24785
24802
24812
24818
24830
24834
24843
24850
24853
24860
24868
24902
24906
24920
24924
24932
24954
24963
24970
24973
24975
24989
25013
25021
25028
25042
25050
25056
25060
25073
25079
25089
25101
25111
25120
25122
25123
25127
25134
25137
25168
25203
25206
25206
25211
25228
25234
25241
25257
25279
25281
25321
25345
25349
25367
25401
25402
25412
25448
25492
25494
25496
25500
25522
25528
25532
25535
25541
25543
25558
25561
25562
25571
25612
25622
25634
25634
25645
25650
25654
25677
25691
25694
25707
25713
25713
25733
25735
25735
25754
25775
25777
25786
25790
25797
25805
25811
25840
25854
25858
25877
25885
25889
25911
25916
25929
25933
25935
25938
25939
25943
25944
25960
25964
25990
26031
26036
26043
26060
26064
26108
26122
26127
26128
26134
26139
26148
26155
26173
26182
26205
26207
26207
26241
26244
26297
26299
26313
26323
26343
26349
26360
26375
26382
26382
26411
26421
26442
26445
26465
26466
26490
26518
26524
26526
26529
26538
26553
26555
26569
26574
26615
26619
26630
26635
26650
26671
26701
26710
26716
26722
26726
26738
26748
26760
26760
26763
26763
26768
26771
26787
26806
26808
26815
26832
26834
26854
26856
26885
26894
26898
26901
26914
26934
26950
26960
26971
26980
26993
26995
27014
27019
27021
27042
27066
27073
27093
27099
27112
27125
27137
27143
27148
27159
27180
27187
27242
27244
27254
27256
27279
27289
27298
27299
27307
27310
27318
27333
27343
27366
27375
27420
27433
27445
27450
27453
27472
27477
27484
27491
27495
27501
27528
27557
27560
27570
27599
27607
27619
27639
27643
27675
27712
27732
27757
27792
27826
27832
27835
27853
27879
27902
27908
27912
27918
27951
27956
27991
27991
27993
28012
28012
28027
28041
28044
28060
28081
28082
28104
28118
28121
28137
28141
28153
28153
28155
28162
28166
28174
28192
28213
28213
28222
28231
28250
28266
28275
28281
28283
28288
28291
28300
28320
28337
28338
28338
28356
28394
28406
28409
28411
28440
28452
28455
28467
28467
28472
28485
28489
28499
28501
28514
28536
28560
28580
28593
28610
28611
28634
28635
28638
28681
28687
28691
28694
28712
28719
28721
28730
28737
28738
28758
28762
28765
28789
28792
28856
28869
28910
28915
28930
28936
28941
28969
28997
29000
29021
29022
29039
29042
29052
29057
29063
29066
29076
29084
29084
29090
29092
29102
29109
29117
29124
29165
29168
29194
29202
29206
29230
29239
29256
29257
29269
29284
29290
29291
29322
29325
29355
29369
29397
29409
29410
29429
29435
29457
29474
29495
29523
29552
29577
29577
29581
29583
29612
29628
29712
29730
29739
29756
29759
29778
29805
29824
29834
29848
29861
29866
29872
29888
29897
29948
29957
29970
29988
30009
30028
30042
30047
30050
30052
30063
30076
30089
30115
30120
30136
30140
30147
30157
30166
30198
30199
30207
30207
30220
30231
30238
30249
30260
30269
30283
30285
30287
30314
30314
30364
30367
30379
30380
30387
30395
30398
30411
30428
30472
30477
30484
30507
30516
30531
30540
30549
30555
30602
30603
30604
30611
30619
30622
30637
30642
30662
30669
30687
30691
30725
30726
30750
30762
30778
30799
30827
30828
30836
30837
30840
30862
30899
30910
30918
30968
30989
30993
30994
31008
31011
31025
31055
31058
31065
31071
31091
31098
31104
31112
31132
31137
31139
31184
31202
31219
31229
31248
31248
31251
31265
31273
31288
31308
31312
31313
31313
31314
31331
31334
31337
31343
31343
31344
31355
31379
31384
31423
31506
31552
31562
31571
31585
31604
31617
31618
31622
31655
31687
31688
31695
31698
31706
31709
31740
31745
31770
31779
31782
31792
31795
31802
31817
31822
31842
31863
31870
31871
31911
31917
31922
31932
31955
31956
31970
31971
31994
32008
32022
32026
32032
32035
32036
32039
32048
32049
32052
32104
32106
32118
32131
32137
32141
32154
32179
32190
32195
32221
32234
32241
32249
32262
32268
32296
32301
32310
32325
32339
32341
32348
32355
32373
32378
32385
32398
32433
32450
32517
32536
32541
32553
32560
32577
32585
32609
32625
32657
32675
32688
32701
32718
32746
32751

