2
6
25
27
31
44
51
74
111
115
149
223
240
247
255
257
259
261
265
275
293
310
324
346
365
365
368
392
396
398
433
457
458
470
477
486
508
508
522
523
533
535
536
585
590
596
603
615
622
629
641
665
666
695
704
724
734
745
746
751
814
817
821
839
853
856
866
869
892
909
918
920
923
964
972
975
1000
1002
1013
1022
1041
1044
1045
1052
1061
1062
1078
1088
1098
1107
1107
1146
1147
1161
1186
1192
1195
1217
1242
1247
1259
1269
1273
1276
1277
1290
1291
1323
1333
1333
1401
1427
1439
1464
1475
1476
1483
1507
1510
1511
1527
1531
1547
1603
1619
1626
1639
1640
1641
1664
1666
1685
1686
1692
1693
1697
1725
1727
1736
1738
1748
1771
1802
1805
1817
1821
1824
1863
1876
1919
1921
1924
1924
1931
1941
1957
1963
2027
2036
2044
2084
2094
2127
2132
2136
2180
2181
2183
2200
2208
2209
2209
2210
2215
2221
2256
2263
2268
2296
2311
2314
2327
2389
2394
2431
2445
2447
2468
2470
2472
2476
2479
2483
2489
2540
2567
2576
2579
2582
2584
2616
2639
2657
2706
2710
2721
2739
2757
2798
2807
2815
2829
2876
2884
2886
2890
2899
2910
2926
2945
2982
2986
3004
3012
3026
3043
3058
3065
3073
3079
3099
3108
3109
3131
3160
3207
3214
3223
3264
3275
3300
3362
3371
3379
3400
3417
3423
3427
3442
3443
3480
3493
3514
3523
3524
3529
3538
3554
3581
3588
3596
3620
3621
3644
3653
3660
3696
3703
3710
3716
3736
3752
3758
3770
3777
3777
3780
3828
3839
3842
3851
3851
3856
3859
3862
3865
3878
3883
3887
3889
3905
3922
3938
3968
3981
4005
4030
4037
4037
4044
4048
4061
4081
4088
4110
4111
4114
4159
4182
4183
4190
4201
4213
4240
4267
4277
4295
4338
4346
4357
4363
4391
4402
4407
4411
4429
4455
4462
4481
4486
4511
4514
4520
4531
4533
4537
4568
4569
4570
4580
4581
4584
4591
4622
4648
4660
4668
4693
4698
4703
4704
4704
4706
4734
4734
4754
4756
4766
4779
4795
4804
4806
4816
4822
4833
4862
4873
4918
4923
4929
4930
4935
4941
4948
4950
4970
4987
5002
5014
5055
5077
5085
5090
5101
5102
5108
5121
5130
5172
5209
5213
5235
5272
5291
5292
5295
5308
5329
5333
5343
5344
5347
5354
5357
5366
5368
5380
5404
5436
5444
5468
5470
5473
5484
5489
5493
5519
5558
5564
5596
5597
5600
5604
5626
5632
5642
5643
5647
5655
5663
5705
5731
5736
5768
5783
5812
5816
5824
5866
5876
5883
5919
5941
5954
5968
6006
6028
6029
6036
6039
6049
6056
6058
6066
6076
6087
6087
6107
6138
6141
6208
6211
6216
6220
6223
6237
6285
6291
6297
6297
6315
6321
6322
6342
6351
6357
6376
6378
6394
6400
6415
6424
6450
6456
6457
6487
6488
6491
6504
6510
6516
6517
6530
6566
6576
6590
6606
6609
6617
6620
6625
6627
6645
6647
6655
6657
6689
6704
6704
6706
6724
6735
6738
6745
6747
6752
6759
6771
6786
6796
6800
6812
6812
6813
6816
6832
6848
6869
6874
6875
6891
6896
6914
6914
6914
6922
6947
6949
6950
6958
7012
7018
7036
7037
7072
7077
7083
7092
7109
7123
7123
7156
7165
7215
7215
7217
7236
7249
7255
7264
7265
7282
7295
7299
7334
7341
7363
7388
7415
7417
7422
7441
7447
7455
7465
7494
7522
7540
7541
7546
7556
7556
7563
7565
7572
7582
7595
7610
7612
7616
7619
7630
7639
7642
7645
7656
7666
7687
7687
7701
7706
7725
7740
7757
7757
7766
7774
7777
7786
7819
7856
7874
7884
7885
7899
7904
7905
7915
7920
7932
7940
7957
7974
7981
7982
7986
8022
8036
8052
8053
8060
8061
8077
8095
8108
8111
8113
8119
8120
8128
8136
8148
8155
8161
8172
8176
8177
8196
8216
8245
8260
8273
8283
8286
8291
8295
8330
8344
8350
8358
8362
8365
8367
8390
8450
8467
8500
8514
8531
8541
8547
8549
8551
8576
8626
8628
8629
8630
8632
8680
8688
8709
8716
8718
8730
8750
8764
8775
8777
8817
8851
8859
8893
8893
8904
8911
8911
8936
8944
8952
8963
8993
9007
9017
9021
9060
9065
9067
9068
9080
9085
9106
9164
9166
9170
9203
9235
9249
9249
9316
9333
9351
9446
9456
9462
9485
9500
9513
9523
9532
9544
9564
9571
9625
9636
9643
9671
9682
9713
9767
9772
9774
9787
9823
9832
9841
9851
9878
9887
9889
9904
9907
9908
9911
9920
9922
9924
9930
9953
9961
9968
9986
9996
10013
10063
10103
10120
10121
10121
10131
10170
10170
10180
10225
10247
10247
10248
10256
10284
10328
10342
10366
10367
10374
10378
10393
10421
10431
10441
10451
10464
10480
10504
10510
10522
10524
10526
10529
10537
10539
10548
10570
10587
10598
10615
10616
10623
10631
10654
10690
10696
10703
10740
10746
10751
10765
10794
10800
10805
10807
10822
10832
10838
10841
10858
10883
10888
10899
10902
10915
10916
10920
10931
10949
10976
10978
10996
11006
11012
11043
11051
11076
11091
11108
11110
11111
11113
11133
11136
11138
11145
11146
11160
11176
11191
11192
11195
11197
11252
11278
11292
11295
11296
11304
11310
11328
11330
11342
11353
11356
11368
11379
11385
11391
11394
11397
11402
11413
11415
11422
11490
11526
11540
11554
11559
11561
11567
11577
11584
11611
11636
11657
11658
11673
11674
11676
11715
11732
11742
11749
11755
11761
11770
11800
11816
11843
11847
11857
11864
11883
11883
11899
11916
11921
11922
11930
11931
11945
11948
11952
11964
11974
11979
12009
12017
12023
12041
12044
12052
12096
12123
12125
12187
12193
12229
12232
12247
12295
12299
12304
12311
12313
12335
12338
12367
12374
12403
12411
12420
12427
12460
12472
12492
12492
12504
12521
12528
12547
12549
12555
12577
12629
12633
12671
12704
12721
12737
12750
12750
12751
12819
12820
12823
12845
12847
12905
12935
12947
12961
12981
13008
13012
13013
13017
13021
13062
13086
13087
13110
13125
13136
13138
13154
13162
13165
13177
13188
13190
13216
13225
13241
13249
13252
13259
13259
13295
13304
13306
13308
13316
13320
13338
13345
13362
13364
13374
13414
13425
13454
13459
13460
13474
13477
13478
13482
13483
13488
13490
13502
13514
13522
13527
13561
13575
13579
13580
13595
13603
13604
13642
13652
13656
13668
13668
13690
13692
13697
13736
13747
13780
13798
13807
13823
13842
13845
13852
13856
13859
13866
13873
13875
13877
13884
13887
13897
13901
13902
13923
13930
13938
13946
13950
13951
13956
13963
13979
13979
14035
14073
14077
14085
14089
14113
14121
14121
14132
14135
14151
14223
14231
14237
14268
14275
14288
14299
14335
14341
14344
14352
14364
14373
14377
14388
14402
14402
14410
14414
14424
14433
14447
14449
14457
14477
14477
14501
14508
14511
14513
14516
14522
14545
14557
14569
14581
14583
14589
14598
14604
14623
14668
14674
14714
14726
14726
14729
14752
14776
14813
14824
14826
14828
14869
14869
14871
14879
14883
14884
14891
14900
14902
14937
14944
14953
14972
15002
15007
15022
15040
15054
15101
15111
15115
15142
15145
15146
15151
15156
15158
15170
15175
15197
15201
15233
15261
15263
15264
15279
15290
15316
15319
15324
15331
15349
15358
15362
15369
15382
15385
15394
15395
15401
15451
15466
15481
15492
15497
15502
15523
15532
15553
15571
15577
15579
15595
15624
15633
15635
15646
15658
15661
15694
15733
15742
15768
15779
15786
15790
15810
15813
15817
15817
15822
15877
15887
15892
15895
15903
15906
15907
15921
15921
15927
15939
15968
15972
15973
15978
15987
16011
16011
16024
16056
16073
16100
16134
16139
16195
16203
16207
16210
16224
16231
16257
16260
16282
16288
16296
16298
16322
16335
16353
16366
16369
16375
16378
16379
16393
16394
16406
16426
16441
16475
16481
16509
16510
16518
16521
16525
16543
16581
16588
16592
16607
16615
16638
16649
16662
16663
16667
16682
16704
16717
16736
16739
16758
16785
16790
16812
16812
16814
16820
16847
16859
16873
16926
16949
16980
16991
17024
17036
17041
17048
17069
17086
17102
17115
17133
17147
17149
17155
17158
17158
17160
17164
17175
17177
17185
17214
17217
17221
17223
17250
17261
17265
17271
17281
17290
17311
17317
17320
17354
17361
17369
17371
17380
17381
17392
17419
17428
17430
17451
17484
17487
17493
17520
17529
17532
17535
17552
17568
17571
17572
17594
17627
17637
17644
17651
17666
17706
17726
17755
17775
17776
17788
17789
17790
17799
17803
17827
17833
17835
17840
17849
17851
17888
17891
17933
17949
17956
17967
17979
17981
17985
17991
17991
17996
17996
18005
18012
18024
18046
18088
18111
18144
18159
18162
18179
18202
18234
18243
18268
18269
18274
18299
18301
18312
18320
18323
18335
18342
18351
18353
18353
18433
18435
18435
18443
18448
18468
18476
18477
18507
18514
18523
18553
18556
18564
18568
18594
18603
18603
18657
18664
18666
18702
18717
18727
18753
18760
18761
18764
18780
18785
18793
18810
18811
18817
18829
18840
18840
18856
18879
18893
18917
18924
18924
18939
18939
18944
18975
19003
19013
19064
19073
19079
19092
19101
19128
19139
19148
19175
19184
19186
19199
19204
19225
19239
19242
19251
19268
19273
19279
19386
19408
19410
19412
19412
19421
19442
19449
19462
19502
19509
19513
19516
19546
19547
19558
19567
19574
19592
19599
19604
19608
19631
19652
19671
19681
19709
19739
19742
19768
19780
19818
19823
19836
19848
19850
19850
19859
19944
19952
19972
20006
20007
20011
20027
20047
20054
20055
20063
20087
20133
20197
20201
20207
20254
20266
20278
20305
20320
20330
20336
20354
20381
20408
20420
20421
20423
20430
20436
20452
20481
20496
20504
20507
20527
20528
20540
20550
20560
20578
20580
20585
20608
20642
20658
20682
20706
20725
20726
20740
20746
20779
20804
20829
20842
20863
20867
20874
20875
20885
20886
20892
20937
20949
20974
20979
20980
21001
21003
21006
21009
21012
21030
21037
21051
21058
21075
21077
21095
21103
21108
21109
21149
21150
21154
21205
21250
21262
21326
21327
21339
21340
21342
21372
21382
21395
21399
21400
21403
21414
21429
21445
21450
21453
21466
21469
21473
21479
21497
21503
21508
21515
21523
21539
21548
21557
21569
21577
21580
21600
21602
21606
21611
21617
21618
21621
21626
21630
21633
21665
21675
21680
21688
21689
21690
21719
21749
21762
21783
21797
21823
21828
21844
21845
21890
21897
21913
21919
21936
21955
21958
21974
21995
22000
22019
22024
22064
22094
22099
22112
22128
22148
22156
22191
22192
22195
22216
22216
22251
22256
22263
22263
22276
22278
22283
22293
22302
22326
22344
22365
22377
22382
22383
22412
22434
22453
22454
22464
22472
22481
22499
22502
22514
22535
22540
22548
22562
22570
22575
22576
22582
22582
22605
22605
22663
22676
22697
22705
22706
22725
22733
22740
22748
22752
22765
22780
22783
22785
22785
22787
22791
22795
22823
22830
22896
22897
22898
22903
22921
22938
22952
22957
22957
22977
22986
23000
23005
23026
23033
23050
23078
23081
23083
23112
23128
23130
23146
23165
23178
23184
23185
23194
23213
23219
23222
23222
23237
23239
23251
23267
23277
23279
23299
23307
23311
23326
23343
23365
23376
23384
23388
23404
23411
23412
23420
23432
23502
23524
23575
23578
23586
23597
23606
23622
23623
23640
23688
23691
23732
23738
23744
23754
23768
23782
23782
23793
23816
23821
23831
23846
23849
23856
23864
23868
23871
23884
23911
23918
23939
23960
23965
23969
23979
23989
23996
24000
24015
24036
24039
24057
24123
24125
24130
24134
24149
24150
24167
24172
24188
24200
24201
24211
24225
24248
24262
24271
24278
24282
24286
24288
24297
24303
24304
24313
24315
24318
24408
24408
24425
24452
24456
24474
24487
24505
24509
24521
24530
24556
24562
24567
24606
24623
24633
24634
24641
24653
24666
24690
24695
24697
24697
24698
24698
24719
24729
24729
24735
24749
24775
24828
24832
24866
24871
24897
24927
24946
24954
24964
24972
24985
24993
25002
25012
25028
25037
25042
25065
25069
25095
25112
25113
25123
25127
25130
25135
25170
25173
25184
25189
25198
25200
25208
25211
25214
25249
25266
25268
25273
25325
25338
25345
25391
25405
25408
25424
25454
25480
25489
25502
25512
25527
25530
25542
25564
25628
25637
25670
25677
25679
25681
25702
25713
25746
25778
25783
25795
25816
25824
25828
25852
25860
25862
25869
25877
25880
25883
25925
25943
25945
25947
25988
25992
26027
26032
26045
26056
26072
26079
26110
26111
26115
26121
26124
26128
26129
26132
26147
26147
26160
26182
26193
26201
26217
26237
26275
26281
26294
26306
26325
26371
26377
26379
26395
26406
26408
26410
26474
26488
26509
26516
26524
26531
26533
26538
26546
26573
26584
26606
26643
26662
26678
26690
26702
26708
26714
26720
26724
26732
26747
26759
26770
26794
26811
26874
26880
26918
26954
26965
26982
26984
26984
27030
27068
27087
27099
27101
27102
27105
27111
27118
27120
27122
27155
27169
27169
27171
27180
27181
27186
27216
27217
27217
27228
27251
27278
27287
27288
27332
27337
27353
27377
27394
27406
27416
27427
27446
27448
27459
27479
27481
27482
27492
27497
27497
27529
27535
27537
27538
27541
27543
27548
27575
27588
27593
27622
27628
27630
27650
27657
27666
27683
27686
27689
27704
27734
27739
27740
27741
27755
27756
27757
27775
27784
27785
27800
27800
27805
27809
27841
27854
27872
27879
27880
27905
27908
27908
27913
27935
27938
27959
27960
27969
28009
28011
28017
28028
28049
28054
28057
28070
28075
28096
28099
28106
28108
28109
28138
28147
28155
28161
28164
28167
28171
28185
28213
28232
28245
28249
28259
28266
28272
28284
28289
28296
28307
28310
28331
28338
28349
28350
28377
28431
28441
28444
28460
28468
28480
28494
28503
28503
28505
28507
28507
28510
28510
28513
28515
28580
28582
28592
28608
28629
28647
28654
28664
28675
28691
28708
28719
28767
28773
28787
28787
28805
28816
28835
28845
28857
28879
28884
28892
28900
28914
28925
28954
28955
28956
28969
28971
28974
28980
28995
28998
29010
29065
29088
29092
29100
29106
29109
29120
29120
29128
29129
29134
29138
29162
29169
29177
29185
29194
29201
29204
29208
29227
29241
29260
29260
29279
29310
29315
29319
29371
29374
29376
29378
29381
29384
29385
29390
29397
29412
29420
29426
29429
29435
29520
29520
29567
29588
29655
29665
29685
29689
29690
29731
29733
29735
29739
29752
29772
29773
29778
29820
29822
29833
29848
29856
29904
29904
29905
29911
29935
29942
29950
29950
29981
29994
29996
30008
30022
30035
30038
30047
30073
30082
30098
30104
30104
30110
30114
30154
30158
30159
30174
30176
30184
30195
30222
30274
30299
30305
30328
30376
30393
30402
30406
30443
30459
30465
30468
30486
30491
30495
30498
30499
30585
30637
30637
30652
30673
30674
30698
30699
30712
30716
30722
30725
30758
30760
30763
30764
30772
30814
30834
30840
30844
30847
30858
30862
30869
30886
30906
30913
30915
30917
30922
30953
30958
30960
31006
31064
31067
31068
31071
31072
31084
31089
31099
31110
31120
31147
31169
31169
31182
31189
31195
31209
31227
31230
31234
31245
31247
31255
31263
31266
31276
31279
31279
31281
31287
31289
31306
31308
31312
31321
31351
31361
31379
31382
31388
31395
31403
31403
31411
31434
31467
31477
31479
31485
31489
31496
31502
31519
31522
31530
31531
31541
31544
31554
31556
31595
31617
31651
31658
31674
31680
31685
31709
31713
31726
31738
31740
31745
31746
31758
31765
31768
31772
31774
31780
31790
31814
31821
31826
31855
31861
31864
31865
31866
31870
31890
31904
31937
31937
31942
31949
31974
31983
31996
31998
32024
32026
32035
32048
32061
32094
32094
32096
32101
32127
32135
32146
32165
32182
32190
32199
32219
32261
32262
32275
32280
32297
32301
32315
32322
32326
32329
32340
32346
32358
32376
32400
32412
32415
32451
32473
32480
32491
32492
32510
32512
32515
32521
32528
32531
32541
32564
32567
32582
32590
32609
32612
32614
32622
32622
32624
32647
32674
32676
32681
32689
32713
32718
32734
32737
32741
32743

