10
13
29
48
52
58
61
61
63
63
74
86
88
97
97
97
123
123
136
146
151
151
161
174
182
211
234
237
237
249
282
284
301
316
345
351
356
357
361
364
365
369
389
395
418
441
441
496
516
518
529
574
578
583
627
629
632
642
644
647
660
663
676
676
678
703
724
733
739
771
791
796
812
813
817
820
857
864
876
876
880
912
923
928
940
963
977
1029
1033
1043
1045
1052
1068
1071
1075
1087
1088
1104
1109
1112
1116
1120
1122
1132
1145
1149
1152
1157
1169
1202
1210
1244
1245
1245
1256
1260
1268
1269
1269
1288
1292
1310
1335
1335
1342
1342
1348
1348
1369
1374
1390
1401
1405
1408
1429
1429
1438
1444
1451
1455
1485
1524
1538
1556
1585
1586
1587
1599
1610
1650
1653
1655
1657
1658
1664
1669
1683
1703
1721
1721
1735
1752
1773
1785
1794
1833
1838
1860
1863
1868
1881
1902
1958
1962
2004
2027
2050
2059
2064
2085
2103
2112
2118
2136
2164
2181
2190
2216
2219
2231
2232
2269
2292
2302
2307
2322
2377
2389
2417
2417
2417
2442
2442
2450
2454
2455
2463
2467
2473
2478
2500
2506
2508
2509
2516
2555
2578
2605
2646
2657
2669
2686
2696
2702
2705
2722
2733
2762
2772
2780
2787
2791
2803
2829
2870
2886
2891
2894
2903
2905
2907
2909
2939
2945
2987
2996
3014
3031
3058
3062
3081
3082
3127
3140
3145
3161
3167
3168
3176
3182
3183
3188
3198
3224
3251
3257
3261
3268
3288
3296
3307
3316
3323
3324
3324
3325
3351
3353
3377
3378
3384
3387
3402
3420
3431
3446
3450
3467
3467
3474
3489
3520
3544
3558
3560
3577
3597
3599
3599
3601
3611
3635
3640
3673
3673
3695
3702
3709
3735
3741
3798
3842
3846
3872
3882
3886
3887
3891
3897
3902
3920
3927
3939
3941
3947
3984
3992
4019
4030
4031
4054
4065
4069
4078
4089
4108
4110
4110
4112
4156
4161
4162
4188
4192
4206
4226
4234
4236
4252
4328
4332
4347
4351
4386
4388
4420
4433
4452
4482
4484
4485
4486
4507
4519
4539
4543
4553
4555
4565
4605
4606
4626
4638
4649
4651
4656
4681
4687
4698
4729
4742
4743
4744
4772
4788
4804
4809
4815
4834
4840
4850
4862
4878
4879
4883
4886
4907
4908
4922
4934
4935
4964
4964
4967
4981
4982
4988
4994
5033
5056
5059
5064
5064
5079
5089
5096
5097
5099
5101
5116
5124
5125
5149
5152
5161
5184
5185
5205
5216
5239
5240
5243
5255
5256
5261
5316
5337
5347
5358
5360
5361
5389
5394
5412
5414
5418
5422
5430
5441
5471
5479
5495
5508
5510
5511
5512
5513
5515
5522
5527
5537
5538
5565
5593
5620
5629
5639
5646
5650
5666
5717
5745
5746
5767
5777
5786
5795
5795
5833
5841
5870
5877
5893
5924
5931
5944
5953
5998
6025
6033
6034
6043
6060
6065
6071
6123
6130
6146
6183
6208
6209
6217
6220
6220
6223
6224
6245
6247
6251
6258
6259
6268
6274
6299
6310
6316
6318
6330
6330
6331
6406
6416
6437
6459
6470
6471
6477
6487
6496
6548
6570
6607
6635
6653
6662
6679
6681
6712
6729
6736
6748
6767
6782
6789
6814
6834
6864
6866
6866
6870
6874
6882
6884
6893
6910
6916
6931
6935
6948
6968
6971
6980
6996
7011
7014
7022
7024
7028
7050
7080
7095
7121
7123
7138
7139
7151
7160
7162
7189
7200
7203
7217
7217
7232
7236
7238
7260
7277
7278
7285
7306
7307
7312
7328
7341
7350
7395
7417
7439
7449
7456
7457
7473
7496
7498
7503
7534
7557
7560
7563
7577
7578
7585
7589
7596
7598
7600
7608
7622
7635
7648
7655
7655
7660
7674
7692
7698
7700
7715
7729
7737
7758
7791
7804
7805
7807
7808
7827
7831
7865
7888
7897
7915
7921
7945
7977
7978
8004
8025
8032
8033
8036
8068
8085
8100
8105
8134
8146
8147
8158
8173
8237
8260
8305
8312
8317
8318
8318
8324
8337
8340
8357
8398
8400
8402
8419
8423
8437
8478
8480
8502
8517
8540
8550
8577
8579
8581
8591
8616
8623
8644
8655
8659
8663
8673
8677
8682
8685
8690
8715
8730
8739
8769
8781
8794
8813
8848
8852
8852
8891
8906
8911
8914
8925
8931
8932
8982
9017
9023
9059
9068
9071
9088
9099
9113
9138
9150
9152
9160
9170
9177
9196
9203
9222
9232
9250
9260
9265
9282
9301
9302
9315
9315
9344
9354
9354
9362
9383
9386
9448
9469
9492
9541
9562
9586
9607
9615
9616
9618
9631
9637
9652
9662
9679
9682
9691
9751
9751
9759
9767
9773
9782
9793
9793
9812
9813
9821
9845
9852
9859
9862
9872
9890
9960
9979
10007
10011
10037
10041
10118
10132
10141
10143
10151
10157
10175
10180
10182
10189
10189
10193
10205
10237
10246
10256
10267
10280
10281
10291
10313
10333
10337
10340
10340
10342
10363
10370
10391
10413
10420
10423
10463
10467
10485
10491
10530
10537
10557
10611
10616
10619
10644
10651
10654
10669
10684
10685
10694
10697
10704
10716
10731
10735
10736
10740
10747
10754
10760
10768
10770
10773
10777
10781
10833
10846
10849
10856
10899
10909
10961
10967
10967
10969
11036
11072
11083
11099
11108
11160
11171
11186
11189
11194
11226
11231
11238
11246
11258
11260
11275
11278
11290
11294
11297
11301
11302
11317
11322
11327
11344
11345
11347
11359
11360
11366
11412
11438
11446
11449
11450
11460
11468
11479
11491
11494
11498
11520
11527
11530
11539
11539
11568
11573
11577
11587
11611
11614
11618
11619
11631
11633
11638
11639
11668
11676
11695
11697
11704
11709
11714
11730
11732
11746
11746
11746
11758
11764
11765
11773
11775
11794
11794
11808
11819
11826
11828
11861
11861
11866
11894
11903
11921
11923
11931
11946
11949
11968
11977
11984
11998
12031
12037
12043
12093
12101
12116
12122
12133
12145
12153
12177
12189
12194
12234
12251
12260
12291
12312
12325
12338
12368
12400
12409
12421
12442
12446
12452
12471
12494
12500
12503
12510
12510
12516
12516
12529
12532
12569
12577
12627
12634
12653
12656
12676
12717
12722
12733
12746
12754
12756
12759
12794
12807
12821
12836
12859
12861
12875
12891
12897
12913
12916
12919
12936
12949
12959
12966
12978
12983
13027
13035
13041
13046
13061
13071
13074
13090
13096
13100
13112
13121
13131
13143
13162
13177
13190
13203
13206
13210
13259
13266
13273
13313
13329
13347
13354
13355
13362
13363
13398
13419
13424
13445
13453
13502
13509
13510
13513
13515
13551
13577
13591
13619
13697
13729
13738
13757
13758
13761
13775
13779
13807
13834
13835
13841
13843
13845
13845
13847
13852
13854
13858
13860
13866
13869
13873
13875
13899
13908
13913
13918
13929
13993
14013
14021
14052
14066
14072
14080
14081
14109
14123
14151
14152
14170
14171
14176
14236
14243
14246
14298
14305
14350
14352
14360
14370
14373
14374
14389
14396
14413
14428
14435
14438
14440
14455
14474
14485
14495
14499
14503
14504
14515
14518
14555
14555
14577
14583
14599
14607
14637
14660
14665
14667
14678
14691
14696
14713
14730
14740
14762
14804
14806
14820
14823
14833
14838
14856
14871
14880
14892
14897
14899
14929
14944
14945
14967
14983
14996
14996
15019
15022
15033
15074
15082
15084
15088
15104
15116
15124
15130
15164
15178
15220
15239
15254
15267
15267
15278
15290
15290
15292
15334
15339
15356
15359
15361
15383
15401
15405
15406
15408
15414
15417
15420
15426
15427
15439
15446
15471
15477
15477
15502
15510
15513
15521
15530
15555
15558
15591
15606
15651
15656
15656
15663
15672
15673
15676
15678
15700
15716
15720
15729
15733
15778
15790
15791
15797
15800
15814
15817
15819
15831
15841
15841
15844
15886
15906
15914
15926
15970
15981
15982
15996
15997
16012
16050
16079
16086
16102
16169
16186
16194
16195
16216
16221
16222
16224
16229
16244
16258
16269
16271
16295
16313
16314
16326
16351
16352
16352
16393
16396
16399
16412
16436
16460
16469
16471
16501
16511
16515
16518
16547
16560
16561
16567
16568
16574
16579
16580
16592
16606
16611
16628
16641
16669
16682
16719
16745
16748
16760
16763
16769
16785
16792
16793
16797
16811
16841
16853
16854
16856
16871
16873
16874
16877
16884
16888
16901
16901
16902
16904
16925
16950
16973
16977
16978
17004
17012
17018
17025
17051
17072
17073
17078
17082
17095
17118
17123
17152
17162
17189
17196
17198
17202
17206
17231
17245
17261
17265
17278
17282
17288
17290
17323
17331
17338
17354
17364
17364
17380
17381
17388
17410
17438
17447
17455
17467
17486
17501
17506
17509
17523
17538
17538
17569
17574
17581
17600
17614
17621
17628
17639
17641
17646
17690
17712
17724
17765
17766
17797
17798
17802
17811
17829
17845
17872
17874
17880
17890
17895
17908
17914
17918
17926
17926
17939
17945
17953
17961
17974
17978
17981
17982
17995
17998
18013
18109
18119
18149
18161
18163
18198
18210
18212
18232
18240
18240
18243
18245
18265
18305
18325
18335
18342
18355
18373
18397
18401
18419
18421
18430
18431
18438
18438
18447
18464
18469
18499
18511
18514
18541
18544
18581
18588
18596
18600
18609
18613
18615
18625
18633
18644
18653
18654
18673
18688
18701
18709
18716
18732
18739
18752
18753
18778
18793
18800
18806
18808
18812
18817
18870
18879
18888
18892
18893
18914
18915
18920
18924
18932
18966
18990
19003
19007
19024
19055
19067
19118
19120
19127
19178
19188
19216
19222
19226
19233
19248
19250
19267
19267
19274
19282
19297
19327
19355
19356
19356
19357
19359
19373
19374
19393
19394
19398
19441
19441
19444
19447
19452
19467
19471
19475
19482
19490
19494
19529
19536
19548
19559
19564
19572
19596
19597
19611
19649
19656
19680
19707
19758
19759
19765
19765
19769
19775
19780
19812
19832
19853
19872
19903
19910
19933
19934
19942
19943
19949
19960
19984
19988
20000
20003
20012
20017
20018
20051
20075
20081
20090
20126
20142
20147
20163
20170
20170
20196
20199
20230
20230
20238
20245
20257
20258
20265
20356
20364
20365
20369
20371
20390
20406
20416
20437
20461
20464
20477
20482
20486
20489
20502
20509
20509
20512
20516
20536
20546
20604
20619
20630
20630
20638
20660
20672
20673
20688
20689
20728
20749
20754
20779
20785
20796
20801
20815
20823
20842
20847
20852
20855
20872
20876
20892
20898
20906
20921
20967
20973
20974
20980
21003
21055
21064
21065
21075
21082
21094
21104
21112
21133
21136
21144
21149
21151
21168
21172
21177
21182
21187
21211
21213
21225
21233
21273
21282
21293
21334
21343
21343
21351
21351
21378
21389
21389
21413
21447
21462
21504
21516
21516
21549
21566
21595
21598
21602
21624
21669
21719
21729
21730
21742
21768
21773
21788
21810
21843
21870
21880
21889
21926
21940
21947
21949
21956
21968
21969
21971
21991
21999
22003
22012
22025
22061
22082
22086
22106
22108
22119
22183
22212
22218
22237
22238
22245
22271
22286
22301
22304
22313
22323
22323
22343
22359
22360
22366
22370
22395
22415
22416
22419
22443
22524
22528
22529
22556
22564
22568
22568
22576
22596
22611
22621
22626
22630
22637
22644
22666
22670
22670
22678
22684
22687
22743
22802
22819
22824
22832
22856
22875
22888
22908
22930
22931
22935
22946
22958
22998
23001
23019
23031
23032
23060
23067
23069
23090
23147
23150
23186
23226
23228
23240
23271
23275
23297
23333
23337
23339
23348
23359
23396
23409
23428
23436
23440
23447
23477
23480
23485
23494
23504
23508
23514
23535
23573
23599
23611
23620
23637
23640
23645
23657
23677
23700
23724
23725
23735
23747
23776
23795
23825
23830
23831
23833
23843
23845
23846
23847
23860
23927
23930
23943
23961
23963
23964
24022
24030
24043
24048
24060
24080
24083
24083
24083
24085
24097
24128
24128
24130
24140
24149
24182
24236
24254
24275
24296
24299
24299
24348
24353
24356
24363
24364
24366
24377
24391
24408
24416
24417
24418
24433
24488
24501
24534
24545
24546
24557
24571
24588
24601
24637
24650
24651
24675
24675
24693
24703
24707
24715
24719
24720
24725
24740
24742
24756
24780
24801
24803
24816
24825
24830
24833
24855
24859
24874
24903
24910
24911
24918
24927
24928
24939
25000
25003
25009
25015
25026
25077
25102
25109
25133
25138
25139
25156
25165
25178
25218
25233
25236
25236
25239
25250
25254
25259
25273
25288
25295
25312
25336
25342
25346
25354
25355
25360
25367
25386
25388
25402
25433
25455
25482
25499
25502
25510
25512
25515
25549
25551
25563
25580
25581
25598
25603
25624
25626
25665
25677
25696
25712
25716
25728
25741
25741
25765
25769
25788
25815
25818
25824
25891
25912
25925
25943
25958
25979
25994
26007
26051
26091
26115
26117
26129
26175
26187
26193
26209
26213
26226
26244
26271
26273
26274
26299
26308
26360
26372
26372
26377
26422
26450
26451
26496
26496
26503
26507
26517
26535
26536
26539
26559
26560
26561
26565
26573
26590
26606
26620
26624
26626
26641
26648
26649
26649
26664
26677
26688
26697
26698
26699
26705
26770
26771
26780
26781
26781
26782
26796
26802
26815
26826
26860
26871
26874
26877
26879
26884
26899
26912
26917
26923
26923
26929
26950
26957
26969
26999
27002
27004
27030
27046
27053
27067
27088
27091
27103
27127
27133
27143
27145
27162
27174
27192
27227
27228
27242
27249
27267
27269
27296
27302
27330
27340
27351
27357
27395
27405
27407
27415
27443
27449
27454
27464
27474
27476
27483
27486
27502
27521
27537
27580
27583
27594
27595
27599
27600
27602
27602
27603
27615
27637
27655
27667
27685
27710
27726
27782
27787
27800
27802
27802
27813
27815
27822
27826
27831
27866
27874
27878
27892
27892
27894
27901
27904
27924
27929
27930
27937
27962
28028
28029
28070
28071
28086
28100
28133
28167
28189
28190
28196
28222
28252
28256
28262
28278
28285
28290
28298
28307
28314
28316
28336
28342
28345
28346
28352
28426
28432
28455
28458
28480
28489
28496
28506
28515
28517
28520
28535
28543
28547
28556
28564
28564
28574
28592
28609
28617
28639
28647
28650
28659
28661
28666
28683
28688
28704
28740
28741
28750
28752
28754
28763
28766
28766
28773
28777
28809
28815
28821
28841
28867
28910
28928
28929
28936
28947
28951
28963
28981
28984
28986
29004
29030
29031
29032
29035
29038
29051
29064
29065
29072
29080
29081
29084
29101
29105
29119
29152
29172
29181
29189
29189
29191
29211
29215
29223
29241
29264
29264
29267
29276
29278
29281
29291
29293
29297
29322
29323
29356
29356
29360
29403
29414
29421
29427
29427
29432
29432
29462
29473
29480
29483
29488
29498
29501
29516
29533
29542
29572
29589
29621
29630
29638
29645
29681
29702
29721
29735
29785
29794
29799
29820
29821
29836
29848
29874
29894
29909
29909
29912
29932
29961
29970
29991
30006
30020
30034
30038
30048
30067
30078
30088
30126
30130
30135
30193
30199
30210
30234
30238
30265
30295
30303
30313
30330
30330
30340
30351
30374
30389
30406
30411
30427
30427
30428
30443
30456
30458
30465
30469
30470
30472
30478
30483
30525
30572
30604
30639
30679
30681
30718
30744
30745
30753
30756
30757
30760
30778
30805
30814
30829
30833
30842
30851
30856
30888
30888
30896
30909
30912
30927
30928
30932
30952
30962
30980
30980
30987
30990
31002
31008
31012
31046
31046
31048
31111
31166
31170
31177
31201
31230
31249
31252
31317
31342
31355
31356
31364
31395
31407
31441
31466
31494
31498
31516
31521
31524
31526
31528
31539
31554
31568
31572
31574
31604
31619
31622
31635
31682
31733
31743
31788
31793
31814
31816
31834
31840
31881
31896
31904
31904
31908
31912
31915
31938
31942
31945
31947
31951
31998
32023
32024
32028
32072
32073
32078
32086
32122
32137
32145
32147
32184
32194
32196
32206
32207
32211
32236
32247
32249
32258
32258
32264
32266
32275
32278
32281
32290
32293
32298
32299
32310
32310
32328
32335
32337
32346
32348
32363
32386
32390
32397
32427
32429
32459
32486
32493
32541
32544
32545
32567
32567
32586
32597
32604
32604
32609
32620
32624
32628
32658
32669
32669
32679
32690
32691
32704
32707
32711
32714
32731
32731
32762

