5
6
18
22
40
46
57
60
61
91
108
162
186
188
189
226
235
267
269
292
293
298
325
337
347
359
362
362
379
394
414
437
454
500
527
540
559
566
577
583
629
630
635
644
645
652
659
661
662
663
677
688
712
720
743
745
753
761
765
768
777
784
813
823
827
832
863
874
884
886
890
915
932
932
962
968
973
977
980
986
989
996
1005
1035
1067
1077
1099
1105
1142
1165
1177
1184
1184
1188
1191
1195
1257
1258
1264
1272
1279
1292
1303
1319
1334
1339
1361
1367
1367
1375
1397
1402
1409
1413
1417
1478
1478
1486
1550
1571
1584
1585
1593
1595
1664
1679
1684
1687
1696
1716
1789
1794
1796
1802
1809
1814
1822
1832
1834
1837
1857
1871
1873
1876
1920
1924
1932
1944
1953
1959
1972
1974
1977
1980
1996
2003
2008
2008
2028
2050
2054
2069
2082
2100
2100
2118
2133
2146
2163
2202
2210
2222
2234
2248
2252
2267
2291
2339
2340
2372
2381
2432
2438
2464
2493
2515
2529
2544
2549
2551
2557
2557
2568
2570
2588
2606
2606
2616
2628
2636
2640
2645
2673
2684
2714
2717
2740
2753
2771
2783
2787
2793
2820
2836
2842
2846
2851
2874
2877
2881
2892
2941
2943
2945
2963
2965
2978
2988
3001
3009
3019
3061
3065
3078
3088
3093
3106
3133
3135
3144
3151
3171
3175
3183
3196
3199
3205
3237
3267
3307
3330
3349
3359
3365
3388
3390
3394
3413
3424
3432
3434
3437
3439
3448
3459
3484
3489
3542
3549
3561
3567
3568
3578
3587
3591
3601
3620
3632
3650
3660
3669
3679
3707
3720
3730
3755
3758
3768
3770
3772
3774
3783
3791
3815
3858
3881
3898
3914
3919
3959
3966
3971
3973
3990
4002
4023
4024
4028
4053
4053
4054
4056
4087
4092
4103
4104
4124
4125
4134
4155
4155
4182
4186
4194
4202
4205
4206
4210
4212
4217
4223
4223
4245
4250
4259
4264
4270
4308
4397
4433
4443
4461
4479
4489
4496
4527
4532
4560
4571
4591
4593
4600
4617
4617
4660
4667
4692
4714
4724
4734
4737
4765
4772
4788
4794
4803
4805
4808
4823
4839
4846
4848
4854
4857
4873
4879
4892
4906
4915
4949
4955
4989
4990
4999
5013
5025
5057
5061
5088
5125
5132
5155
5158
5165
5172
5178
5209
5224
5242
5251
5257
5275
5281
5287
5291
5305
5323
5329
5332
5339
5384
5393
5394
5394
5402
5404
5408
5411
5417
5419
5443
5485
5498
5500
5500
5501
5510
5512
5539
5547
5579
5580
5606
5610
5612
5626
5626
5629
5642
5657
5659
5660
5662
5668
5670
5671
5691
5720
5725
5741
5743
5746
5767
5791
5792
5807
5814
5820
5821
5836
5836
5839
5857
5864
5892
5893
5895
5895
5922
5940
5977
5980
5987
6002
6013
6018
6022
6044
6045
6055
6082
6108
6120
6128
6130
6130
6152
6169
6182
6188
6193
6196
6205
6221
6225
6251
6263
6275
6282
6314
6314
6362
6375
6378
6379
6395
6395
6428
6464
6474
6480
6526
6531
6533
6533
6542
6557
6560
6646
6660
6670
6673
6679
6683
6703
6764
6767
6772
6781
6814
6842
6847
6860
6861
6871
6884
6934
6941
6954
6979
6987
6991
7014
7022
7059
7074
7094
7108
7113
7168
7172
7175
7199
7229
7251
7254
7273
7276
7281
7306
7306
7307
7309
7316
7320
7320
7354
7400
7406
7416
7476
7507
7513
7524
7551
7560
7562
7566
7568
7585
7597
7608
7615
7635
7659
7659
7672
7696
7728
7732
7734
7745
7748
7758
7763
7778
7782
7798
7801
7803
7806
7808
7813
7837
7857
7883
7887
7908
7909
7921
7966
7987
8005
8017
8048
8055
8064
8073
8079
8095
8096
8096
8117
8126
8129
8150
8191
8207
8233
8246
8285
8291
8306
8307
8323
8324
8325
8328
8329
8329
8344
8358
8424
8453
8455
8468
8508
8525
8558
8590
8609
8614
8621
8625
8625
8639
8660
8665
8705
8730
8734
8745
8759
8766
8767
8782
8807
8811
8850
8856
8884
8891
8903
8908
8920
8925
8937
8943
8946
8957
8961
8964
8968
8973
8976
9030
9052
9060
9097
9104
9109
9129
9137
9142
9149
9157
9166
9169
9188
9191
9203
9221
9241
9306
9307
9317
9329
9348
9368
9422
9427
9451
9452
9465
9469
9478
9489
9504
9509
9539
9543
9569
9579
9601
9613
9649
9649
9649
9663
9665
9670
9676
9681
9684
9690
9699
9700
9716
9759
9762
9770
9772
9772
9796
9808
9820
9823
9834
9871
9879
9899
9902
9919
9937
9941
9962
9978
10024
10044
10056
10080
10082
10084
10089
10101
10108
10116
10121
10122
10144
10144
10165
10167
10187
10216
10236
10249
10274
10307
10319
10330
10333
10342
10344
10369
10385
10394
10403
10417
10472
10482
10483
10483
10521
10582
10617
10623
10693
10698
10709
10723
10745
10748
10748
10756
10776
10781
10782
10784
10818
10820
10829
10837
10839
10844
10849
10869
10878
10878
10887
10905
10911
10932
10962
10971
10972
10984
10986
10993
10995
11018
11020
11036
11051
11055
11065
11113
11127
11130
11131
11148
11151
11153
11187
11191
11218
11231
11232
11234
11263
11268
11282
11288
11294
11307
11330
11331
11381
11384
11398
11400
11402
11475
11501
11510
11516
11522
11526
11528
11529
11535
11536
11554
11582
11582
11587
11638
11657
11687
11691
11702
11703
11714
11716
11717
11718
11726
11746
11755
11759
11761
11781
11782
11786
11800
11804
11818
11841
11854
11857
11864
11885
11892
11898
11899
11930
11942
11963
11969
11989
12003
12015
12022
12028
12036
12041
12041
12068
12076
12097
12114
12128
12144
12145
12159
12164
12171
12173
12180
12183
12185
12189
12219
12219
12232
12236
12241
12247
12263
12276
12303
12317
12348
12350
12365
12375
12378
12397
12401
12421
12451
12452
12462
12472
12511
12519
12526
12567
12568
12573
12574
12591
12604
12607
12607
12633
12636
12644
12659
12670
12684
12687
12692
12693
12704
12707
12735
12737
12742
12751
12757
12758
12779
12783
12793
12802
12818
12833
12836
12865
12875
12895
12896
12911
12912
12928
12952
12961
12995
13008
13023
13028
13099
13101
13105
13110
13158
13191
13201
13205
13208
13223
13228
13247
13255
13263
13282
13288
13291
13300
13307
13342
13356
13358
13360
13372
13385
13387
13401
13403
13409
13415
13419
13426
13427
13430
13439
13451
13457
13459
13464
13478
13489
13500
13512
13514
13521
13592
13629
13641
13650
13652
13657
13671
13673
13675
13677
13680
13680
13689
13693
13694
13695
13731
13747
13764
13767
13771
13795
13805
13826
13832
13834
13844
13888
13897
13918
13959
13970
13975
13979
13998
14007
14026
14033
14038
14057
14063
14074
14076
14115
14126
14140
14148
14151
14162
14170
14179
14187
14189
14207
14212
14227
14229
14234
14244
14250
14262
14268
14280
14284
14285
14292
14303
14334
14336
14337
14347
14351
14358
14398
14433
14446
14470
14487
14498
14500
14506
14542
14547
14557
14563
14564
14575
14576
14606
14647
14652
14662
14673
14675
14677
14701
14704
14724
14724
14738
14742
14745
14745
14752
14770
14771
14803
14821
14838
14841
14851
14891
14906
14953
14976
14991
14991
15011
15022
15024
15026
15033
15048
15052
15078
15107
15112
15113
15116
15124
15126
15131
15132
15156
15158
15158
15171
15174
15180
15188
15201
15218
15253
15270
15282
15304
15318
15320
15338
15339
15367
15378
15391
15398
15406
15421
15435
15438
15440
15445
15508
15528
15528
15536
15537
15540
15547
15548
15553
15564
15594
15596
15605
15614
15622
15637
15647
15651
15652
15658
15659
15676
15688
15713
15715
15716
15733
15747
15759
15766
15823
15824
15827
15830
15838
15839
15864
15878
15885
15911
15938
15939
15947
15951
15965
15983
16001
16019
16019
16021
16021
16038
16039
16040
16048
16056
16079
16089
16091
16093
16114
16135
16147
16148
16152
16162
16212
16214
16229
16239
16239
16242
16246
16254
16255
16260
16272
16279
16320
16361
16365
16367
16367
16376
16399
16424
16443
16444
16451
16455
16458
16474
16475
16497
16498
16501
16523
16523
16539
16553
16553
16555
16569
16587
16604
16612
16671
16708
16711
16714
16726
16754
16761
16798
16815
16831
16850
16866
16878
16895
16895
16920
16925
16925
16946
16949
16955
17005
17012
17018
17031
17032
17053
17058
17076
17077
17087
17100
17106
17129
17138
17142
17151
17167
17179
17188
17199
17214
17223
17242
17254
17276
17286
17291
17294
17295
17326
17330
17365
17372
17379
17395
17418
17430
17432
17434
17434
17453
17457
17475
17490
17531
17544
17561
17577
17586
17588
17592
17628
17632
17637
17648
17652
17660
17668
17677
17682
17698
17737
17739
17742
17753
17753
17768
17771
17773
17814
17821
17825
17825
17847
17881
17896
17899
17919
17926
17932
17954
18000
18014
18055
18058
18076
18094
18133
18171
18171
18179
18185
18187
18195
18197
18201
18230
18266
18272
18279
18316
18326
18328
18344
18346
18347
18370
18378
18386
18398
18402
18414
18416
18420
18438
18454
18465
18469
18469
18474
18489
18491
18499
18512
18516
18551
18569
18583
18602
18607
18635
18661
18663
18665
18675
18680
18692
18700
18738
18738
18782
18808
18816
18828
18841
18846
18848
18851
18861
18894
18895
18901
18904
18909
18912
18928
18930
18931
18934
18942
18987
18991
19009
19051
19064
19067
19072
19073
19097
19117
19119
19123
19128
19137
19146
19150
19160
19172
19198
19230
19236
19244
19250
19253
19259
19268
19269
19276
19284
19285
19286
19286
19313
19319
19400
19412
19453
19461
19507
19528
19549
19554
19558
19561
19571
19619
19656
19658
19703
19708
19747
19750
19752
19764
19778
19790
19810
19819
19834
19872
19887
19903
19914
19915
19930
19943
19944
19953
19967
19989
19999
20007
20029
20032
20038
20042
20085
20094
20099
20116
20154
20169
20170
20184
20187
20208
20228
20245
20252
20267
20271
20276
20282
20291
20319
20334
20353
20372
20373
20381
20388
20394
20401
20405
20415
20426
20443
20443
20446
20448
20457
20466
20476
20486
20498
20507
20528
20540
20541
20547
20620
20622
20622
20629
20653
20657
20662
20664
20691
20695
20697
20698
20701
20710
20739
20748
20756
20758
20769
20806
20832
20840
20841
20850
20857
20866
20913
20943
20944
20949
20955
20961
20967
20968
20969
20980
20982
20985
21003
21011
21028
21067
21074
21079
21111
21116
21123
21127
21144
21156
21158
21160
21177
21181
21189
21200
21201
21207
21211
21241
21250
21268
21279
21295
21300
21324
21324
21327
21340
21352
21355
21358
21399
21414
21414
21419
21421
21453
21461
21480
21486
21492
21528
21545
21545
21565
21589
21592
21619
21621
21640
21665
21666
21676
21699
21702
21721
21733
21733
21750
21760
21776
21804
21809
21827
21829
21835
21839
21857
21883
21953
21998
22003
22004
22032
22052
22054
22054
22059
22062
22104
22107
22122
22149
22153
22153
22160
22177
22189
22192
22200
22203
22211
22242
22248
22301
22304
22308
22312
22315
22319
22324
22358
22374
22406
22414
22438
22445
22460
22461
22492
22499
22510
22516
22531
22537
22571
22578
22612
22642
22645
22671
22683
22692
22696
22702
22746
22793
22824
22826
22881
22883
22888
22913
22928
22962
22978
22991
23003
23014
23025
23061
23089
23104
23109
23150
23155
23197
23204
23205
23223
23230
23233
23243
23251
23252
23264
23279
23285
23285
23295
23316
23318
23320
23322
23324
23330
23343
23364
23373
23377
23388
23407
23410
23413
23445
23456
23463
23472
23483
23487
23495
23497
23507
23533
23541
23565
23567
23580
23585
23593
23621
23622
23627
23640
23665
23666
23678
23689
23693
23695
23695
23696
23702
23710
23725
23726
23735
23746
23750
23753
23782
23800
23800
23818
23822
23826
23828
23830
23837
23838
23863
23873
23900
23919
23920
23933
23935
23940
23944
23964
23970
23972
23982
23989
23990
24009
24030
24032
24036
24055
24058
24062
24088
24109
24111
24142
24145
24163
24169
24185
24186
24206
24221
24225
24239
24246
24253
24255
24264
24278
24303
24312
24314
24332
24342
24348
24356
24367
24373
24385
24390
24414
24419
24427
24437
24438
24444
24447
24450
24454
24459
24468
24470
24528
24558
24568
24643
24643
24653
24697
24702
24707
24708
24708
24715
24724
24729
24754
24766
24767
24783
24799
24801
24828
24856
24876
24884
24890
24934
24985
25044
25070
25078
25080
25085
25090
25092
25093
25117
25133
25137
25162
25192
25208
25212
25256
25270
25270
25283
25292
25310
25316
25334
25360
25393
25398
25403
25413
25443
25473
25503
25514
25542
25554
25575
25603
25610
25619
25619
25671
25679
25686
25692
25693
25696
25755
25763
25771
25772
25788
25821
25839
25868
25907
25920
25928
25940
25956
25970
25973
25990
25995
25996
26002
26007
26018
26026
26046
26062
26075
26081
26091
26095
26099
26103
26104
26128
26141
26151
26152
26155
26172
26231
26232
26232
26263
26291
26302
26313
26317
26322
26322
26358
26386
26393
26408
26414
26431
26439
26457
26489
26511
26517
26518
26531
26546
26551
26557
26589
26595
26617
26629
26659
26669
26674
26680
26684
26691
26712
26725
26734
26750
26751
26770
26814
26829
26857
26863
26887
26897
26915
26918
26927
26931
26935
26940
26946
26948
26962
26964
27000
27025
27032
27064
27089
27130
27136
27150
27155
27198
27210
27218
27229
27243
27250
27272
27276
27278
27289
27312
27352
27374
27376
27399
27403
27424
27425
27448
27456
27457
27475
27477
27485
27492
27498
27505
27537
27558
27559
27575
27577
27582
27583
27612
27613
27643
27667
27667
27674
27686
27692
27693
27715
27722
27730
27739
27742
27759
27771
27773
27782
27794
27809
27824
27837
27838
27841
27844
27850
27850
27858
27859
27870
27888
27889
27903
27906
27911
27911
27972
27981
27999
28003
28014
28047
28077
28111
28118
28124
28163
28173
28174
28178
28208
28223
28234
28235
28239
28247
28248
28256
28270
28280
28289
28303
28306
28311
28315
28334
28353
28362
28392
28399
28405
28405
28421
28426
28430
28432
28441
28455
28481
28485
28490
28492
28512
28522
28525
28525
28534
28534
28544
28545
28548
28577
28604
28606
28619
28623
28628
28633
28659
28668
28685
28691
28736
28771
28799
28813
28821
28827
28848
28853
28865
28873
28878
28893
28935
28961
28968
29001
29001
29014
29023
29027
29041
29044
29053
29062
29062
29133
29136
29156
29196
29200
29219
29221
29229
29239
29245
29246
29249
29261
29263
29266
29272
29278
29285
29306
29316
29325
29331
29338
29338
29342
29361
29367
29369
29384
29402
29411
29412
29424
29435
29451
29452
29457
29476
29483
29485
29489
29500
29504
29507
29513
29540
29572
29589
29626
29663
29667
29668
29684
29692
29708
29714
29724
29742
29785
29794
29801
29805
29845
29847
29851
29875
29896
29901
29906
29965
29993
30016
30038
30066
30068
30086
30090
30091
30091
30113
30164
30179
30194
30202
30203
30206
30209
30216
30231
30238
30242
30262
30290
30311
30312
30313
30334
30334
30351
30356
30361
30362
30363
30366
30379
30384
30400
30415
30416
30434
30440
30448
30456
30470
30502
30544
30565
30573
30574
30584
30587
30612
30640
30649
30652
30659
30672
30719
30720
30745
30756
30765
30766
30780
30805
30806
30807
30809
30846
30856
30867
30870
30886
30896
30912
30913
30949
30968
30987
30989
31001
31015
31025
31036
31070
31103
31134
31143
31146
31160
31162
31166
31166
31173
31179
31181
31197
31200
31205
31206
31220
31223
31252
31255
31275
31283
31298
31328
31329
31342
31370
31370
31372
31374
31399
31408
31414
31422
31435
31440
31476
31486
31488
31489
31491
31496
31506
31549
31551
31553
31561
31568
31593
31607
31609
31624
31681
31739
31749
31769
31775
31782
31795
31814
31835
31842
31843
31871
31876
31879
31897
31919
31922
31929
31929
31935
31963
31966
31986
31999
32004
32019
32023
32027
32035
32037
32042
32050
32058
32095
32119
32121
32136
32147
32153
32180
32251
32269
32302
32310
32339
32350
32357
32362
32396
32397
32413
32430
32439
32444
32456
32472
32500
32529
32544
32548
32549
32552
32565
32575
32635
32638
32639
32640
32647
32651
32668
32672
32685
32694
32709
32710
32713
32714
32766

