0
1
3
23
78
92
96
97
110
136
137
144
149
185
203
204
213
223
228
240
247
259
263
293
330
363
377
380
398
402
420
468
471
476
487
506
520
539
541
553
592
635
643
644
647
654
664
685
689
689
694
700
705
709
736
746
760
769
771
775
793
821
845
848
863
868
899
907
918
940
949
970
971
982
986
998
1005
1013
1101
1108
1127
1135
1156
1171
1175
1177
1200
1200
1210
1219
1234
1234
1243
1244
1250
1252
1268
1268
1278
1292
1301
1308
1311
1315
1333
1342
1358
1364
1365
1375
1379
1398
1398
1402
1438
1438
1440
1449
1454
1460
1465
1472
1480
1482
1486
1502
1511
1523
1530
1535
1547
1554
1557
1560
1564
1566
1584
1608
1613
1616
1621
1624
1685
1717
1719
1729
1737
1755
1789
1791
1791
1815
1832
1857
1860
1875
1880
1888
1910
1911
1914
1937
1940
1946
1946
1947
1948
1950
1969
1970
1971
1990
1997
2016
2035
2088
2093
2108
2112
2127
2129
2133
2176
2183
2194
2206
2259
2287
2299
2302
2320
2345
2361
2369
2389
2400
2400
2407
2409
2411
2418
2420
2421
2425
2471
2514
2515
2520
2524
2548
2558
2562
2592
2610
2635
2643
2665
2695
2705
2706
2772
2789
2790
2796
2853
2880
2880
2891
2893
2893
2897
2900
2903
2908
2931
2946
2973
2978
3008
3010
3018
3051
3056
3057
3070
3089
3098
3105
3119
3124
3131
3204
3237
3238
3239
3239
3279
3283
3324
3333
3333
3357
3363
3366
3378
3389
3390
3391
3414
3417
3420
3423
3424
3452
3460
3463
3481
3481
3487
3507
3574
3587
3587
3617
3622
3628
3630
3642
3644
3650
3654
3706
3723
3727
3734
3739
3744
3754
3759
3773
3776
3795
3804
3811
3834
3859
3872
3881
3892
3895
3898
3918
3921
3927
3928
3929
3989
4001
4009
4010
4054
4058
4077
4089
4112
4112
4113
4135
4139
4140
4145
4156
4167
4185
4198
4204
4214
4232
4320
4321
4361
4377
4379
4402
4430
4430
4454
4458
4486
4521
4543
4579
4592
4600
4612
4614
4629
4634
4645
4650
4663
4678
4682
4720
4726
4737
4741
4756
4761
4777
4778
4782
4792
4798
4801
4821
4821
4873
4899
4903
4915
4952
4953
4958
4960
5001
5009
5012
5015
5028
5032
5062
5067
5079
5090
5091
5095
5116
5135
5147
5147
5151
5157
5163
5168
5174
5185
5189
5198
5202
5202
5220
5241
5248
5254
5256
5257
5272
5300
5314
5326
5327
5328
5351
5354
5372
5379
5402
5411
5426
5440
5447
5456
5478
5486
5494
5505
5526
5530
5538
5568
5580
5587
5600
5626
5636
5648
5665
5738
5742
5767
5775
5780
5800
5825
5849
5860
5872
5879
5890
5919
5921
5954
5959
5962
5971
5977
6003
6006
6023
6055
6058
6104
6111
6142
6149
6156
6177
6182
6183
6191
6196
6210
6211
6228
6233
6235
6243
6253
6278
6299
6303
6317
6323
6351
6373
6379
6388
6391
6402
6415
6418
6420
6422
6472
6476
6476
6489
6495
6497
6505
6512
6513
6522
6536
6563
6583
6588
6605
6641
6652
6653
6661
6668
6680
6684
6687
6735
6738
6771
6777
6786
6801
6805
6822
6862
6899
6902
6918
6957
6974
6978
7001
7050
7062
7063
7064
7078
7097
7124
7129
7130
7140
7147
7171
7177
7180
7193
7237
7237
7257
7272
7273
7300
7322
7338
7358
7380
7384
7416
7418
7435
7453
7465
7468
7498
7501
7527
7528
7538
7547
7549
7553
7562
7640
7649
7651
7664
7664
7669
7672
7673
7692
7701
7711
7716
7734
7747
7747
7747
7783
7809
7814
7827
7830
7850
7855
7855
7861
7874
7881
7886
7897
7908
7913
7913
7945
7946
7976
7980
7983
8006
8006
8019
8025
8029
8032
8046
8084
8094
8100
8118
8144
8184
8193
8194
8195
8219
8226
8238
8249
8257
8291
8297
8306
8312
8313
8318
8355
8443
8448
8469
8485
8485
8492
8496
8508
8515
8537
8539
8545
8549
8568
8568
8577
8597
8622
8644
8644
8652
8654
8664
8666
8673
8681
8692
8708
8726
8735
8742
8754
8756
8758
8766
8778
8784
8787
8788
8798
8799
8803
8840
8845
8848
8863
8886
8915
8923
8925
8996
9007
9052
9076
9078
9083
9085
9087
9094
9101
9109
9110
9132
9135
9140
9148
9148
9149
9160
9183
9186
9190
9199
9208
9217
9241
9243
9246
9246
9275
9277
9297
9319
9332
9335
9336
9338
9343
9352
9376
9397
9428
9433
9468
9469
9496
9540
9551
9556
9569
9579
9593
9596
9625
9647
9650
9661
9688
9692
9695
9713
9721
9728
9731
9736
9753
9782
9797
9808
9837
9837
9838
9871
9873
9885
9890
9897
9920
9925
9926
9935
9944
9970
9997
10000
10018
10020
10031
10044
10047
10061
10085
10090
10099
10106
10144
10151
10151
10158
10169
10190
10190
10194
10200
10200
10208
10216
10247
10252
10253
10254
10256
10257
10258
10274
10278
10303
10313
10317
10334
10339
10339
10341
10355
10355
10358
10366
10389
10392
10403
10418
10418
10419
10431
10439
10440
10456
10469
10474
10502
10516
10524
10533
10556
10570
10582
10596
10609
10637
10661
10674
10682
10692
10723
10731
10731
10733
10738
10762
10767
10795
10834
10843
10868
10874
10884
10898
10898
10904
10920
10936
10937
10939
10951
10987
11048
11058
11067
11129
11131
11138
11146
11162
11164
11189
11217
11231
11236
11255
11265
11285
11291
11336
11341
11358
11386
11390
11432
11435
11442
11443
11450
11456
11466
11472
11474
11491
11492
11498
11517
11530
11538
11540
11551
11585
11591
11616
11628
11640
11646
11660
11661
11667
11709
11721
11734
11759
11788
11796
11807
11818
11835
11847
11856
11880
11904
11911
11920
11942
11951
11953
11961
11982
11986
11987
12040
12068
12069
12080
12084
12097
12099
12112
12129
12136
12144
12147
12148
12165
12180
12183
12186
12186
12195
12197
12212
12237
12244
12277
12281
12309
12313
12322
12330
12337
12337
12344
12356
12381
12417
12431
12438
12455
12465
12491
12505
12506
12508
12509
12515
12516
12519
12523
12528
12531
12532
12541
12557
12558
12597
12603
12605
12619
12621
12644
12666
12669
12669
12680
12698
12706
12716
12759
12766
12768
12773
12782
12789
12795
12811
12815
12820
12824
12831
12831
12831
12844
12848
12859
12860
12876
12882
12902
12908
12952
12965
12986
13011
13023
13061
13074
13087
13099
13102
13115
13163
13168
13170
13214
13250
13257
13260
13266
13270
13282
13290
13290
13295
13312
13330
13366
13395
13397
13402
13403
13405
13418
13436
13452
13456
13476
13484
13485
13486
13488
13488
13507
13509
13517
13526
13532
13563
13581
13584
13609
13612
13654
13663
13745
13763
13772
13773
13783
13806
13832
13868
13872
13908
13925
13932
13939
14009
14009
14011
14035
14048
14063
14067
14076
14077
14115
14128
14138
14143
14177
14187
14189
14202
14228
14238
14246
14260
14265
14286
14292
14303
14305
14332
14339
14351
14353
14380
14398
14418
14420
14420
14422
14428
14447
14449
14459
14462
14468
14481
14502
14503
14514
14522
14552
14594
14635
14671
14675
14677
14679
14709
14713
14719
14719
14760
14762
14779
14804
14837
14848
14866
14871
14887
14899
14917
14924
14924
14926
14944
14959
14960
14963
14972
15018
15021
15063
15068
15072
15082
15096
15144
15150
15182
15200
15206
15227
15237
15246
15250
15275
15307
15313
15320
15336
15342
15347
15358
15382
15385
15400
15403
15408
15409
15411
15419
15422
15435
15437
15458
15460
15467
15474
15492
15497
15500
15514
15519
15523
15545
15546
15564
15565
15578
15582
15591
15625
15649
15649
15655
15677
15681
15682
15698
15710
15714
15732
15738
15739
15747
15748
15751
15755
15804
15811
15844
15871
15879
15887
15900
15925
15936
15961
15995
16003
16010
16027
16040
16090
16093
16115
16120
16121
16139
16154
16163
16188
16202
16220
16220
16237
16291
16301
16349
16361
16369
16374
16384
16387
16400
16416
16425
16426
16430
16447
16452
16453
16498
16510
16526
16533
16534
16544
16549
16574
16585
16591
16603
16614
16625
16628
16631
16648
16665
16699
16701
16712
16720
16736
16745
16748
16760
16764
16770
16773
16816
16830
16859
16865
16873
16906
16906
16909
16915
16921
16922
16923
16950
16967
16967
16973
16974
16979
16984
16986
16988
16991
17005
17036
17038
17062
17068
17102
17116
17136
17168
17187
17188
17190
17197
17197
17214
17225
17225
17230
17232
17239
17245
17260
17260
17262
17264
17277
17294
17316
17317
17325
17337
17341
17349
17359
17384
17394
17400
17401
17432
17434
17438
17438
17445
17472
17480
17482
17505
17507
17511
17512
17515
17524
17526
17538
17545
17546
17569
17581
17586
17589
17637
17681
17714
17750
17750
17769
17772
17773
17774
17776
17800
17806
17806
17815
17821
17832
17836
17841
17845
17871
17888
17906
17911
17941
17947
17952
17953
17966
17969
17970
17993
18000
18013
18019
18036
18043
18057
18067
18074
18084
18086
18104
18105
18122
18123
18125
18151
18163
18176
18187
18264
18264
18323
18331
18341
18341
18384
18385
18400
18407
18408
18423
18449
18479
18493
18515
18533
18536
18537
18580
18594
18594
18599
18661
18671
18690
18719
18740
18752
18753
18754
18770
18804
18839
18850
18854
18862
18882
18883
18883
18886
18887
18899
18899
18905
18905
18918
18921
18936
18939
18941
18941
18958
18958
18959
18968
18976
19002
19029
19089
19122
19159
19160
19195
19232
19234
19240
19242
19263
19291
19311
19319
19326
19365
19375
19381
19385
19419
19464
19470
19470
19474
19481
19502
19509
19510
19511
19511
19521
19530
19539
19557
19576
19674
19676
19706
19758
19758
19760
19760
19776
19780
19784
19810
19830
19848
19864
19869
19884
19888
19898
19945
19947
19947
19958
19962
19971
19980
19992
19994
20004
20010
20011
20052
20076
20100
20114
20131
20138
20162
20169
20180
20194
20209
20236
20241
20253
20274
20301
20359
20367
20380
20383
20392
20405
20424
20464
20470
20472
20474
20486
20495
20503
20505
20545
20567
20568
20583
20586
20593
20607
20611
20623
20626
20637
20650
20651
20656
20667
20676
20691
20721
20722
20725
20746
20758
20769
20778
20785
20797
20799
20800
20817
20829
20834
20835
20837
20899
20901
20921
20928
20936
20954
20972
21006
21020
21024
21032
21038
21045
21051
21051
21074
21093
21116
21120
21121
21184
21189
21210
21213
21219
21240
21279
21279
21291
21292
21295
21309
21318
21319
21334
21386
21391
21413
21419
21466
21484
21489
21489
21502
21520
21523
21524
21526
21545
21547
21638
21645
21650
21664
21669
21706
21713
21717
21717
21784
21811
21824
21843
21847
21883
21883
21904
21933
21945
21964
21967
21968
21970
21971
21980
21994
22005
22018
22019
22027
22049
22075
22090
22091
22097
22103
22103
22137
22147
22159
22181
22195
22199
22203
22209
22212
22223
22269
22271
22308
22310
22313
22314
22317
22331
22341
22347
22349
22381
22388
22392
22394
22397
22398
22400
22406
22408
22409
22414
22420
22456
22480
22491
22547
22547
22576
22584
22591
22662
22663
22672
22681
22726
22739
22742
22747
22774
22788
22805
22806
22835
22851
22851
22888
22897
22935
22960
22968
23009
23020
23021
23050
23083
23093
23102
23105
23137
23145
23214
23233
23236
23246
23255
23261
23262
23275
23299
23316
23317
23323
23335
23337
23340
23354
23376
23382
23387
23392
23399
23406
23420
23441
23446
23473
23511
23570
23629
23645
23668
23691
23692
23694
23697
23699
23701
23719
23738
23741
23758
23776
23802
23804
23811
23815
23820
23825
23828
23833
23835
23848
23856
23866
23866
23881
23891
23896
23919
23987
23994
24000
24006
24007
24017
24035
24041
24041
24055
24058
24062
24071
24089
24124
24130
24130
24143
24170
24178
24180
24200
24202
24222
24234
24300
24314
24336
24349
24364
24367
24372
24428
24434
24448
24471
24477
24485
24501
24520
24521
24525
24586
24611
24623
24627
24642
24650
24662
24676
24694
24694
24698
24703
24714
24730
24732
24774
24799
24821
24830
24833
24841
24871
24880
24884
24894
24915
24921
24923
24924
24936
24970
24997
25007
25008
25013
25024
25030
25045
25065
25081
25095
25104
25115
25128
25134
25156
25163
25177
25196
25199
25201
25221
25247
25273
25274
25280
25281
25283
25306
25315
25318
25320
25328
25338
25341
25345
25351
25352
25357
25359
25360
25374
25423
25432
25437
25450
25478
25492
25522
25551
25562
25562
25566
25583
25616
25621
25636
25650
25661
25681
25699
25717
25732
25775
25792
25794
25802
25805
25820
25870
25872
25886
25892
25902
25906
25920
25931
25941
25961
25964
25966
25968
25972
25977
25978
26016
26092
26137
26147
26149
26150
26164
26200
26204
26230
26235
26238
26239
26263
26279
26306
26311
26312
26322
26325
26345
26358
26385
26404
26413
26424
26449
26457
26480
26492
26505
26515
26516
26524
26545
26546
26580
26590
26599
26606
26620
26637
26644
26646
26650
26655
26663
26699
26700
26713
26724
26764
26773
26773
26798
26800
26834
26838
26838
26868
26868
26892
26892
26900
26905
26916
26919
26945
26946
26980
26991
27011
27036
27045
27081
27091
27094
27095
27100
27124
27142
27147
27153
27159
27163
27172
27220
27221
27229
27283
27285
27332
27332
27355
27359
27368
27370
27376
27378
27381
27415
27430
27443
27443
27473
27484
27492
27518
27528
27530
27530
27536
27546
27598
27609
27628
27653
27673
27692
27736
27748
27753
27762
27776
27810
27833
27857
27882
27893
27896
27900
27903
27911
27921
27933
27937
27938
27938
27945
27959
27959
27975
27986
27987
27988
27993
27997
28004
28017
28026
28030
28034
28043
28051
28057
28067
28070
28115
28120
28124
28128
28133
28158
28163
28165
28210
28227
28228
28257
28264
28276
28318
28321
28334
28363
28366
28378
28392
28423
28436
28438
28476
28494
28502
28503
28526
28551
28559
28576
28579
28583
28588
28604
28609
28656
28660
28668
28681
28681
28696
28708
28720
28728
28740
28788
28797
28807
28815
28820
28830
28836
28838
28848
28849
28855
28889
28917
28918
28924
28940
28952
28956
28963
28969
28969
28969
28970
28973
28977
28986
28991
28991
28995
29017
29022
29028
29034
29049
29054
29055
29066
29071
29077
29086
29092
29101
29111
29122
29136
29142
29160
29179
29180
29192
29226
29257
29270
29298
29312
29330
29340
29343
29360
29370
29375
29379
29390
29417
29424
29433
29484
29499
29500
29507
29515
29520
29521
29533
29534
29541
29568
29583
29588
29595
29602
29615
29619
29625
29640
29662
29679
29736
29737
29748
29755
29764
29773
29775
29782
29783
29819
29829
29840
29909
29918
29932
29935
29936
29955
29955
29956
29958
29974
29974
29991
29996
30007
30019
30023
30023
30024
30024
30039
30045
30051
30052
30054
30058
30060
30075
30081
30087
30107
30107
30120
30130
30160
30194
30203
30207
30210
30225
30227
30254
30254
30258
30264
30300
30300
30301
30310
30333
30342
30344
30424
30435
30442
30442
30470
30471
30474
30483
30486
30488
30501
30528
30545
30550
30564
30575
30592
30595
30616
30618
30625
30641
30642
30645
30656
30664
30678
30687
30701
30702
30719
30719
30721
30737
30740
30742
30748
30751
30757
30766
30770
30781
30800
30801
30835
30851
30885
30885
30905
30918
30919
30920
30961
30992
30992
31005
31012
31026
31029
31034
31051
31105
31106
31118
31132
31133
31144
31172
31190
31225
31259
31281
31283
31286
31294
31303
31308
31317
31332
31358
31374
31400
31410
31418
31435
31460
31464
31478
31479
31492
31499
31501
31552
31559
31563
31603
31614
31643
31656
31663
31666
31695
31710
31712
31713
31735
31753
31761
31762
31771
31772
31781
31790
31796
31841
31879
31889
31902
31907
31907
31928
31929
31957
31961
31971
31979
31985
31987
32026
32026
32039
32046
32065
32070
32074
32079
32080
32092
32104
32139
32149
32176
32176
32184
32185
32224
32233
32239
32270
32281
32298
32300
32313
32318
32322
32323
32327
32329
32339
32341
32344
32377
32398
32406
32407
32411
32440
32440
32466
32468
32475
32488
32503
32511
32516
32530
32536
32550
32550
32556
32582
32582
32621
32626
32636
32642
32666
32689
32691
32721
32724
32724
32730
32735
32761

