7
11
15
16
24
40
48
60
80
83
101
109
118
122
135
136
139
157
164
171
177
187
196
197
203
210
222
223
258
260
275
278
282
327
352
354
380
385
407
425
427
443
448
459
488
490
510
545
548
554
569
585
586
590
618
638
665
686
691
691
693
727
737
756
778
785
789
803
807
827
832
851
859
867
884
890
903
912
920
956
963
964
995
1004
1027
1050
1056
1067
1068
1080
1106
1106
1118
1130
1165
1173
1178
1199
1229
1229
1244
1246
1262
1279
1285
1324
1327
1346
1347
1351
1358
1387
1390
1398
1432
1435
1477
1482
1489
1496
1510
1515
1521
1528
1548
1552
1553
1557
1561
1575
1603
1607
1615
1627
1631
1658
1667
1702
1715
1716
1727
1738
1749
1765
1767
1771
1816
1858
1872
1917
1953
1958
1982
1996
2014
2015
2052
2073
2103
2112
2155
2162
2164
2171
2175
2190
2195
2206
2223
2224
2225
2257
2280
2285
2288
2327
2372
2394
2428
2431
2438
2444
2453
2457
2457
2469
2471
2472
2475
2494
2526
2547
2564
2565
2587
2591
2599
2601
2607
2610
2678
2682
2703
2705
2717
2727
2729
2734
2756
2769
2785
2792
2802
2811
2821
2841
2855
2858
2860
2894
2895
2899
2901
2905
2910
2949
2952
2956
2972
2975
2975
2981
2983
2996
2999
3001
3003
3017
3021
3095
3097
3099
3102
3113
3152
3162
3180
3189
3195
3201
3203
3243
3264
3275
3279
3288
3306
3316
3328
3330
3338
3340
3344
3346
3351
3377
3378
3381
3381
3382
3391
3396
3440
3443
3471
3493
3506
3517
3531
3551
3599
3605
3619
3622
3633
3638
3643
3644
3647
3657
3668
3677
3687
3730
3740
3741
3751
3755
3759
3769
3783
3796
3802
3804
3810
3831
3862
3873
3875
3880
3889
3894
3942
3961
3964
3970
4021
4057
4081
4131
4145
4164
4183
4204
4210
4217
4222
4261
4261
4276
4277
4279
4288
4291
4317
4319
4322
4330
4368
4383
4384
4387
4388
4390
4391
4400
4417
4422
4426
4427
4440
4440
4449
4451
4455
4490
4520
4523
4560
4613
4633
4655
4658
4662
4665
4680
4691
4698
4719
4735
4744
4776
4777
4821
4832
4858
4869
4870
4873
4890
4896
4902
4914
4916
4938
4957
4985
4990
4996
5006
5039
5039
5079
5101
5129
5139
5139
5150
5158
5171
5182
5210
5241
5277
5304
5336
5350
5360
5382
5384
5397
5416
5420
5436
5460
5464
5478
5481
5487
5494
5516
5523
5527
5529
5541
5547
5554
5569
5570
5606
5618
5620
5626
5629
5634
5663
5669
5675
5707
5730
5732
5734
5736
5743
5752
5771
5783
5786
5796
5798
5820
5834
5841
5844
5846
5860
5871
5910
5923
5939
5950
5984
6011
6046
6072
6083
6084
6093
6095
6097
6111
6126
6128
6155
6157
6184
6185
6187
6189
6195
6202
6233
6233
6260
6262
6262
6278
6286
6302
6312
6350
6357
6364
6381
6403
6419
6440
6467
6496
6514
6519
6554
6562
6585
6585
6588
6591
6592
6622
6624
6629
6653
6674
6684
6699
6712
6733
6754
6772
6776
6778
6786
6791
6799
6811
6880
6903
6907
6923
6948
6958
6961
6985
6994
7015
7029
7051
7058
7083
7088
7090
7091
7099
7108
7109
7113
7134
7148
7150
7183
7205
7212
7230
7233
7247
7255
7259
7279
7280
7284
7287
7295
7298
7302
7337
7339
7364
7370
7390
7394
7402
7421
7425
7428
7437
7459
7464
7465
7470
7483
7483
7497
7514
7517
7524
7542
7550
7559
7577
7590
7632
7635
7641
7645
7704
7705
7710
7715
7718
7724
7732
7737
7803
7867
7883
7898
7900
7901
7912
7918
7935
7964
7967
7968
7984
7997
7997
8001
8004
8034
8041
8045
8054
8055
8062
8071
8091
8098
8101
8116
8126
8137
8155
8164
8177
8184
8203
8212
8226
8229
8233
8234
8236
8238
8254
8265
8268
8270
8278
8298
8302
8327
8338
8353
8360
8369
8392
8394
8396
8399
8409
8443
8445
8466
8470
8489
8497
8507
8511
8519
8539
8555
8575
8581
8587
8596
8600
8602
8605
8616
8636
8682
8692
8714
8715
8718
8722
8748
8764
8814
8818
8821
8822
8828
8833
8848
8851
8863
8866
8867
8869
8881
8888
8889
8919
8929
8938
8947
8951
8965
8971
8979
9033
9049
9082
9099
9099
9103
9104
9114
9121
9121
9132
9150
9161
9199
9199
9214
9217
9221
9230
9233
9238
9239
9249
9273
9291
9308
9314
9318
9361
9370
9375
9391
9412
9424
9444
9449
9462
9480
9483
9498
9531
9531
9554
9557
9558
9564
9580
9583
9588
9592
9592
9596
9601
9634
9635
9662
9669
9696
9696
9709
9709
9715
9717
9750
9765
9770
9772
9778
9790
9792
9796
9800
9809
9838
9841
9844
9859
9868
9876
9882
9896
9900
9902
9918
9937
9944
9958
9970
9973
9980
9982
9990
10011
10030
10031
10047
10064
10075
10077
10084
10104
10117
10144
10158
10161
10169
10170
10220
10236
10245
10250
10257
10291
10306
10307
10360
10375
10377
10409
10434
10445
10478
10492
10515
10565
10579
10591
10608
10612
10629
10632
10638
10641
10645
10655
10673
10693
10694
10694
10710
10712
10732
10756
10769
10777
10789
10794
10806
10813
10813
10826
10852
10854
10876
10882
10887
10901
10909
10911
10919
10927
10983
11001
11023
11032
11041
11042
11050
11092
11093
11099
11107
11153
11180
11186
11209
11218
11222
11223
11246
11249
11270
11285
11295
11316
11320
11321
11325
11352
11363
11373
11382
11384
11400
11408
11411
11411
11420
11447
11449
11461
11516
11528
11528
11552
11561
11563
11574
11594
11603
11608
11609
11611
11614
11637
11646
11652
11677
11682
11684
11697
11720
11745
11763
11792
11801
11811
11812
11827
11831
11834
11840
11842
11845
11853
11857
11858
11863
11890
11915
11919
11920
11928
11954
11956
11967
12000
12029
12045
12048
12053
12082
12095
12147
12151
12157
12162
12177
12182
12204
12219
12227
12303
12311
12313
12331
12355
12377
12417
12420
12426
12440
12449
12514
12543
12562
12573
12592
12599
12608
12615
12625
12629
12640
12652
12670
12682
12693
12694
12696
12721
12727
12747
12759
12763
12783
12801
12814
12818
12827
12832
12837
12839
12843
12848
12915
12961
12963
12979
12983
13000
13019
13030
13040
13058
13061
13077
13105
13125
13128
13132
13138
13149
13153
13192
13194
13201
13205
13215
13221
13233
13238
13243
13247
13250
13253
13259
13270
13279
13288
13307
13317
13324
13325
13349
13354
13376
13381
13381
13388
13396
13398
13417
13451
13455
13456
13525
13530
13535
13544
13582
13640
13642
13644
13659
13669
13706
13728
13739
13805
13806
13819
13822
13824
13836
13841
13856
13871
13872
13873
13916
13942
13953
13958
13975
13998
14030
14039
14047
14050
14072
14086
14098
14114
14118
14169
14193
14207
14207
14258
14285
14287
14314
14324
14357
14369
14375
14395
14419
14431
14433
14434
14439
14448
14451
14472
14496
14514
14516
14519
14520
14533
14542
14554
14559
14576
14655
14682
14692
14752
14753
14791
14808
14815
14829
14836
14838
14875
14901
14904
14929
14936
14942
14950
14953
14959
14968
14994
14994
14999
15011
15025
15038
15047
15048
15058
15067
15070
15078
15129
15137
15182
15184
15187
15202
15236
15238
15241
15248
15266
15296
15311
15320
15337
15357
15370
15409
15418
15432
15434
15468
15513
15532
15534
15564
15565
15566
15606
15610
15611
15613
15615
15623
15651
15664
15675
15679
15710
15740
15741
15762
15780
15781
15795
15809
15814
15826
15852
15853
15869
15879
15892
15894
15906
15952
15963
15965
15965
15998
16009
16021
16027
16035
16042
16044
16051
16056
16058
16080
16089
16099
16131
16137
16140
16140
16146
16151
16155
16157
16162
16175
16177
16187
16188
16210
16211
16246
16247
16251
16267
16296
16317
16317
16328
16352
16364
16371
16392
16394
16396
16397
16400
16408
16417
16423
16450
16470
16473
16477
16498
16502
16504
16505
16511
16522
16536
16549
16559
16603
16615
16617
16621
16649
16687
16712
16743
16754
16755
16758
16767
16767
16778
16788
16799
16812
16820
16822
16840
16855
16863
16882
16902
16909
16918
16919
16928
16963
16969
16998
17055
17059
17061
17068
17090
17116
17140
17151
17169
17187
17196
17221
17238
17254
17258
17261
17283
17285
17303
17309
17323
17327
17331
17376
17388
17411
17440
17451
17457
17459
17483
17493
17498
17500
17512
17519
17524
17548
17570
17581
17582
17604
17624
17634
17663
17677
17683
17690
17743
17745
17754
17755
17755
17761
17768
17772
17800
17825
17839
17843
17851
17873
17909
17925
17929
17948
17950
17969
17983
17987
18023
18030
18030
18059
18110
18120
18178
18189
18209
18218
18229
18233
18263
18267
18271
18287
18329
18336
18336
18341
18342
18363
18364
18399
18411
18424
18445
18471
18486
18490
18513
18520
18524
18535
18563
18564
18565
18574
18580
18588
18596
18611
18622
18625
18627
18637
18648
18650
18658
18659
18667
18708
18710
18720
18728
18739
18759
18759
18759
18775
18777
18781
18790
18824
18825
18827
18849
18858
18860
18873
18900
18910
18913
18922
18929
18938
18947
18949
18956
18967
18969
18979
18988
19002
19031
19040
19044
19056
19069
19087
19106
19113
19129
19129
19141
19148
19159
19159
19169
19175
19182
19190
19207
19219
19242
19247
19267
19268
19286
19287
19300
19301
19321
19324
19327
19331
19335
19385
19387
19395
19404
19406
19417
19463
19465
19474
19503
19517
19518
19534
19536
19550
19566
19573
19620
19638
19639
19655
19661
19682
19704
19705
19711
19734
19742
19744
19748
19771
19786
19790
19801
19809
19850
19850
19851
19867
19876
19912
19925
19970
19979
19986
19993
20005
20042
20058
20065
20070
20117
20122
20123
20125
20144
20153
20192
20199
20209
20229
20238
20241
20270
20274
20275
20284
20288
20314
20331
20356
20366
20416
20440
20444
20446
20451
20463
20473
20476
20482
20484
20503
20520
20525
20553
20571
20574
20582
20589
20591
20631
20651
20729
20744
20764
20768
20784
20795
20798
20807
20814
20836
20844
20844
20849
20853
20859
20862
20875
20885
20895
20907
20910
20912
20920
20936
20953
20967
21008
21018
21041
21048
21071
21085
21086
21086
21110
21113
21127
21132
21160
21197
21203
21220
21242
21274
21280
21289
21290
21298
21307
21334
21340
21346
21365
21366
21375
21377
21397
21429
21435
21449
21458
21461
21476
21482
21482
21484
21488
21502
21509
21512
21524
21539
21547
21554
21557
21582
21597
21600
21615
21624
21631
21631
21649
21658
21702
21750
21765
21794
21861
21869
21875
21884
21895
21907
21907
21913
21973
21974
22016
22023
22024
22028
22041
22080
22096
22105
22109
22110
22137
22147
22153
22160
22189
22195
22211
22214
22235
22257
22257
22271
22287
22307
22316
22333
22352
22383
22384
22396
22403
22409
22427
22428
22433
22447
22480
22489
22498
22500
22530
22534
22535
22544
22544
22547
22547
22562
22584
22593
22604
22622
22627
22629
22648
22706
22710
22714
22728
22780
22801
22804
22804
22809
22827
22830
22836
22838
22852
22854
22860
22865
22882
22906
22906
22913
22927
22937
22940
22974
22978
22983
22989
23027
23038
23067
23106
23109
23111
23126
23126
23136
23165
23173
23173
23173
23181
23201
23202
23218
23225
23269
23274
23285
23287
23291
23313
23335
23351
23376
23392
23399
23416
23465
23471
23479
23479
23505
23535
23581
23586
23612
23614
23624
23651
23663
23695
23704
23705
23717
23747
23752
23805
23813
23821
23841
23868
23877
23883
23884
23885
23890
23890
23908
23962
23983
23991
23995
24000
24004
24006
24010
24029
24057
24076
24082
24083
24093
24105
24165
24173
24177
24179
24188
24191
24193
24212
24215
24219
24224
24226
24251
24257
24274
24284
24300
24337
24353
24356
24357
24365
24379
24383
24386
24404
24430
24433
24450
24472
24477
24481
24520
24529
24530
24544
24548
24558
24578
24582
24583
24627
24629
24660
24667
24688
24693
24700
24703
24717
24748
24752
24770
24805
24809
24812
24837
24840
24841
24850
24873
24883
24897
24903
24954
24969
24990
24990
25004
25005
25006
25025
25030
25066
25076
25098
25116
25138
25153
25154
25157
25167
25189
25190
25201
25235
25265
25265
25290
25294
25332
25342
25346
25351
25351
25360
25362
25380
25389
25406
25414
25442
25446
25450
25455
25465
25470
25488
25492
25498
25499
25503
25511
25517
25522
25525
25525
25551
25553
25559
25572
25579
25595
25598
25606
25616
25628
25634
25641
25643
25657
25664
25688
25727
25756
25759
25761
25762
25800
25802
25806
25842
25865
25878
25884
25914
25926
25949
25959
25965
25974
26003
26004
26014
26021
26044
26066
26068
26078
26078
26086
26088
26094
26095
26115
26121
26124
26134
26147
26159
26182
26189
26206
26213
26215
26221
26257
26268
26291
26299
26314
26322
26365
26378
26392
26394
26427
26439
26443
26466
26482
26484
26496
26503
26504
26506
26507
26511
26524
26538
26552
26553
26554
26555
26563
26575
26580
26581
26589
26589
26597
26598
26639
26648
26666
26677
26701
26721
26722
26729
26751
26765
26767
26788
26797
26818
26825
26827
26851
26862
26866
26886
26887
26892
26900
26902
26902
26918
26938
26939
26939
26952
26954
26958
26966
26995
26998
27002
27038
27052
27065
27081
27093
27096
27107
27114
27121
27131
27146
27155
27163
27172
27176
27184
27195
27195
27211
27224
27242
27254
27263
27276
27278
27281
27296
27308
27311
27336
27338
27342
27344
27359
27368
27372
27386
27395
27403
27421
27440
27464
27538
27562
27572
27593
27599
27605
27627
27631
27637
27638
27643
27663
27688
27705
27720
27767
27769
27869
27877
27885
27888
27893
27899
27922
27928
27938
27938
27942
27948
27952
27956
27979
27991
27992
28005
28032
28052
28093
28095
28111
28116
28120
28132
28140
28149
28171
28180
28190
28191
28210
28219
28223
28244
28252
28283
28286
28295
28297
28315
28316
28328
28337
28361
28376
28376
28386
28396
28396
28414
28420
28467
28470
28470
28490
28514
28521
28541
28551
28556
28562
28581
28594
28606
28607
28609
28652
28653
28662
28691
28726
28752
28762
28763
28765
28773
28790
28794
28798
28810
28815
28860
28887
28925
28953
28962
28964
28965
28972
28979
29020
29025
29034
29043
29045
29046
29052
29068
29074
29105
29114
29120
29134
29145
29152
29160
29160
29171
29173
29173
29178
29182
29187
29201
29221
29250
29265
29282
29314
29323
29333
29337
29361
29376
29385
29394
29399
29417
29422
29443
29457
29471
29513
29543
29557
29585
29588
29614
29616
29672
29679
29683
29696
29704
29717
29737
29739
29739
29742
29746
29766
29772
29773
29774
29789
29816
29859
29861
29899
29901
29920
29940
29949
29953
29965
29976
29999
30004
30024
30039
30040
30045
30049
30051
30054
30074
30084
30094
30107
30109
30122
30124
30183
30190
30213
30228
30250
30262
30291
30299
30301
30317
30318
30319
30320
30321
30335
30348
30356
30365
30375
30380
30390
30391
30403
30430
30434
30442
30462
30479
30493
30500
30509
30529
30551
30564
30578
30629
30699
30707
30739
30744
30748
30758
30816
30825
30853
30887
30891
30942
30972
30974
30991
30996
30997
31036
31110
31127
31129
31141
31141
31157
31181
31185
31189
31196
31199
31200
31202
31224
31233
31237
31254
31254
31259
31260
31274
31289
31290
31309
31315
31322
31347
31351
31369
31394
31394
31396
31414
31417
31422
31422
31427
31430
31430
31444
31462
31463
31473
31494
31518
31536
31539
31550
31552
31584
31601
31609
31611
31621
31628
31644
31649
31654
31657
31661
31671
31673
31688
31730
31735
31742
31769
31776
31776
31776
31782
31787
31791
31793
31794
31814
31827
31834
31839
31851
31880
31893
31899
31906
31908
31925
31929
31949
31953
31971
31974
31981
31991
32001
32005
32006
32007
32009
32028
32042
32049
32078
32096
32110
32124
32130
32153
32166
32170
32201
32237
32242
32255
32263
32267
32268
32281
32282
32291
32309
32316
32333
32341
32344
32354
32364
32366
32406
32411
32419
32419
32420
32438
32438
32448
32496
32504
32508
32510
32521
32560
32560
32568
32568
32570
32579
32581
32584
32640
32652
32654
32674
32705
32730
32754
32757
32763

