4
11
13
16
102
106
114
118
171
184
202
204
226
228
244
265
289
293
393
402
417
447
449
452
486
492
493
498
507
510
511
518
520
574
576
592
596
619
648
679
696
717
733
771
775
792
807
813
826
838
839
840
851
870
892
892
901
905
914
936
950
952
963
983
990
992
992
1007
1014
1018
1026
1072
1080
1092
1100
1117
1125
1162
1179
1199
1215
1260
1266
1283
1320
1322
1331
1336
1341
1368
1391
1422
1433
1441
1442
1460
1465
1484
1518
1578
1598
1602
1610
1612
1612
1628
1629
1629
1633
1662
1690
1696
1709
1713
1720
1722
1744
1745
1757
1765
1773
1777
1779
1790
1795
1834
1850
1874
1878
1885
1893
1899
1907
1911
1916
1963
1981
2001
2037
2038
2055
2063
2067
2067
2068
2072
2074
2118
2119
2120
2125
2127
2127
2134
2152
2178
2178
2179
2204
2217
2220
2233
2233
2237
2240
2243
2275
2284
2323
2330
2342
2348
2351
2389
2408
2437
2440
2456
2462
2492
2495
2496
2521
2553
2568
2570
2581
2583
2615
2618
2619
2620
2667
2674
2689
2735
2754
2769
2795
2796
2851
2857
2865
2897
2926
2938
2950
2953
2955
2962
2973
2986
2998
3008
3011
3015
3019
3028
3029
3030
3039
3043
3046
3077
3079
3086
3090
3096
3156
3161
3166
3167
3169
3170
3176
3178
3184
3202
3209
3212
3217
3230
3232
3234
3244
3253
3254
3257
3260
3273
3285
3297
3308
3351
3375
3383
3407
3425
3428
3433
3457
3463
3488
3492
3507
3509
3510
3519
3522
3526
3554
3571
3593
3601
3603
3617
3644
3669
3676
3700
3715
3749
3754
3756
3765
3767
3779
3798
3803
3807
3808
3815
3828
3840
3842
3881
3900
3914
3923
3927
3932
3932
3950
3963
3972
3975
3981
3994
3994
3997
3997
3998
4001
4010
4015
4037
4040
4049
4082
4107
4115
4118
4123
4130
4132
4153
4166
4183
4189
4211
4212
4216
4263
4300
4324
4353
4365
4374
4408
4426
4428
4442
4444
4461
4483
4498
4499
4510
4538
4547
4555
4559
4572
4607
4633
4637
4655
4705
4705
4705
4706
4715
4743
4743
4754
4765
4766
4771
4777
4804
4805
4806
4808
4811
4821
4838
4844
4851
4853
4858
4865
4866
4866
4869
4878
4887
4888
4889
4894
4900
4915
4932
4933
4946
4961
4979
4983
4987
4988
5004
5004
5029
5094
5123
5132
5147
5189
5196
5204
5212
5215
5222
5297
5299
5305
5323
5339
5345
5349
5374
5377
5385
5398
5404
5410
5487
5490
5506
5511
5525
5528
5539
5563
5569
5584
5604
5613
5623
5633
5637
5653
5661
5670
5676
5679
5683
5713
5727
5743
5748
5768
5790
5810
5821
5833
5862
5863
5871
5879
5881
5924
5965
5973
5974
5977
6003
6010
6011
6024
6029
6030
6054
6059
6059
6059
6066
6066
6112
6117
6130
6132
6164
6178
6182
6205
6214
6216
6218
6221
6225
6241
6261
6262
6262
6262
6272
6325
6328
6329
6349
6349
6351
6359
6397
6417
6428
6438
6439
6446
6466
6466
6476
6486
6487
6492
6538
6560
6568
6579
6595
6616
6616
6653
6670
6686
6687
6704
6707
6748
6759
6768
6774
6781
6781
6807
6809
6845
6850
6858
6883
6918
6930
6995
7001
7018
7023
7024
7033
7066
7078
7085
7100
7101
7117
7126
7138
7142
7185
7196
7210
7212
7215
7221
7223
7277
7308
7308
7310
7322
7329
7357
7360
7381
7385
7403
7446
7454
7454
7465
7487
7492
7511
7512
7514
7566
7567
7583
7656
7666
7717
7721
7744
7748
7750
7756
7756
7816
7820
7826
7854
7863
7866
7880
7899
7900
7907
7935
7949
7951
7957
7971
8012
8014
8015
8039
8051
8082
8091
8096
8105
8106
8106
8129
8177
8178
8180
8185
8206
8207
8216
8226
8227
8274
8277
8281
8295
8308
8309
8325
8334
8347
8353
8376
8396
8407
8427
8445
8469
8469
8475
8488
8499
8500
8538
8551
8581
8612
8618
8653
8654
8669
8669
8710
8717
8722
8722
8731
8763
8764
8768
8774
8777
8780
8785
8788
8794
8794
8811
8816
8830
8857
8867
8870
8886
8892
8895
8895
8899
8911
8914
8923
8925
8950
8960
8975
8980
8983
9016
9054
9062
9073
9076
9083
9089
9095
9114
9120
9128
9138
9145
9151
9195
9238
9241
9249
9252
9258
9283
9306
9307
9307
9311
9339
9375
9400
9400
9406
9428
9430
9430
9457
9472
9489
9498
9516
9533
9535
9544
9572
9574
9581
9582
9585
9594
9599
9601
9623
9637
9639
9656
9685
9685
9690
9717
9722
9733
9740
9761
9761
9768
9774
9778
9789
9792
9793
9793
9801
9825
9836
9840
9850
9866
9875
9885
9885
9892
9899
9900
9953
9974
9987
10001
10006
10009
10010
10033
10038
10065
10100
10101
10104
10115
10131
10148
10157
10164
10196
10199
10214
10215
10224
10231
10234
10257
10273
10279
10287
10299
10300
10306
10326
10348
10367
10385
10417
10421
10432
10441
10448
10495
10508
10510
10511
10513
10515
10527
10542
10557
10565
10583
10601
10612
10624
10627
10659
10664
10693
10713
10715
10719
10733
10734
10739
10744
10749
10761
10765
10790
10807
10821
10833
10837
10848
10855
10871
10876
10883
10886
10889
10914
10937
10952
10971
10972
10981
11027
11037
11061
11069
11095
11100
11105
11112
11128
11133
11141
11149
11150
11184
11199
11201
11208
11230
11234
11235
11244
11254
11281
11282
11316
11329
11354
11395
11410
11411
11413
11415
11422
11440
11442
11444
11458
11464
11491
11496
11499
11518
11518
11546
11552
11566
11571
11580
11608
11630
11636
11659
11695
11714
11716
11730
11741
11745
11750
11767
11789
11794
11831
11832
11834
11836
11836
11886
11893
11900
11901
11903
11908
11918
11995
11997
12035
12059
12071
12072
12073
12075
12092
12093
12094
12103
12103
12110
12113
12132
12140
12144
12145
12146
12161
12163
12170
12183
12202
12248
12251
12283
12284
12288
12300
12304
12311
12326
12330
12332
12337
12339
12343
12343
12376
12387
12398
12409
12413
12451
12459
12466
12477
12492
12496
12504
12506
12523
12524
12538
12544
12546
12570
12574
12586
12605
12620
12651
12656
12674
12695
12699
12700
12712
12722
12729
12742
12743
12751
12765
12788
12789
12810
12829
12829
12857
12864
12883
12889
12899
12904
12910
12911
12914
12969
12970
12984
12997
13010
13017
13040
13043
13051
13063
13066
13079
13089
13099
13119
13124
13129
13131
13132
13141
13148
13164
13167
13179
13182
13191
13270
13271
13274
13280
13314
13351
13375
13402
13402
13409
13419
13419
13420
13433
13439
13448
13452
13453
13462
13474
13497
13510
13511
13521
13528
13538
13544
13550
13591
13663
13668
13674
13678
13695
13716
13728
13731
13738
13744
13754
13765
13779
13794
13802
13805
13817
13822
13823
13906
13908
13909
13910
13925
13931
13963
13967
13975
13997
14004
14007
14012
14013
14034
14040
14068
14096
14111
14127
14137
14167
14183
14191
14218
14241
14251
14252
14254
14275
14292
14293
14300
14300
14314
14322
14327
14348
14370
14413
14421
14424
14432
14437
14487
14507
14509
14519
14528
14531
14545
14553
14558
14560
14575
14608
14626
14647
14648
14668
14673
14686
14693
14731
14747
14760
14778
14795
14802
14802
14829
14859
14866
14866
14869
14887
14897
14899
14908
14913
14918
14921
14943
14970
14977
14984
14990
15009
15012
15022
15030
15033
15043
15043
15045
15048
15049
15063
15065
15112
15115
15176
15190
15211
15238
15258
15258
15270
15274
15283
15305
15400
15408
15442
15460
15463
15464
15467
15496
15508
15516
15520
15530
15540
15544
15549
15550
15553
15578
15578
15604
15610
15649
15692
15704
15706
15762
15771
15775
15804
15809
15819
15860
15870
15876
15894
15895
15896
15907
15922
15947
15959
15961
15987
16029
16033
16036
16038
16047
16049
16090
16094
16108
16111
16113
16115
16124
16128
16134
16153
16183
16243
16270
16305
16308
16347
16356
16362
16373
16390
16392
16403
16428
16468
16468
16479
16490
16492
16527
16531
16541
16541
16559
16572
16574
16603
16609
16621
16638
16651
16652
16675
16712
16716
16719
16726
16746
16750
16752
16756
16779
16781
16802
16812
16830
16837
16840
16843
16847
16854
16859
16928
16928
16933
16943
16951
16960
16980
16995
16996
16999
17001
17009
17015
17026
17028
17044
17045
17060
17075
17077
17136
17159
17168
17186
17209
17215
17226
17229
17230
17236
17244
17246
17246
17254
17258
17278
17281
17293
17299
17303
17303
17338
17362
17393
17394
17404
17407
17425
17434
17457
17478
17483
17494
17502
17537
17545
17563
17606
17629
17630
17631
17659
17677
17677
17688
17701
17763
17776
17806
17810
17828
17833
17835
17863
17890
17897
17942
17949
17970
18005
18022
18055
18080
18097
18132
18151
18172
18174
18211
18233
18240
18243
18268
18292
18308
18314
18333
18351
18352
18354
18370
18383
18394
18398
18404
18428
18429
18445
18468
18492
18500
18500
18513
18541
18557
18594
18605
18638
18657
18673
18676
18688
18693
18695
18710
18743
18746
18748
18754
18798
18804
18805
18831
18833
18858
18865
18867
18908
18915
18923
18972
18974
18988
19019
19058
19124
19137
19145
19153
19172
19180
19189
19194
19202
19206
19215
19221
19236
19237
19240
19291
19306
19310
19313
19328
19339
19345
19360
19375
19384
19388
19412
19446
19464
19465
19472
19481
19490
19495
19499
19508
19526
19533
19547
19555
19574
19589
19591
19617
19680
19683
19685
19705
19724
19737
19747
19763
19765
19782
19791
19792
19799
19801
19818
19831
19833
19848
19852
19855
19884
19889
19900
19908
19909
19910
19926
19937
19958
19984
19995
20006
20015
20028
20028
20035
20053
20062
20076
20084
20086
20087
20088
20113
20117
20128
20177
20189
20189
20200
20200
20217
20219
20242
20249
20273
20295
20300
20302
20324
20351
20351
20352
20353
20367
20372
20372
20376
20421
20423
20448
20463
20477
20478
20490
20504
20504
20507
20517
20534
20539
20542
20552
20555
20577
20582
20601
20610
20619
20636
20642
20660
20663
20680
20698
20718
20752
20769
20801
20815
20817
20819
20819
20834
20848
20855
20860
20877
20878
20886
20903
20911
20913
20915
20936
20939
20955
20988
20990
20999
21010
21022
21023
21024
21046
21094
21116
21151
21165
21170
21170
21173
21189
21208
21235
21250
21280
21311
21314
21371
21375
21382
21385
21427
21431
21448
21451
21490
21497
21502
21503
21513
21515
21554
21554
21578
21586
21589
21601
21616
21623
21626
21626
21640
21658
21678
21698
21716
21735
21735
21736
21742
21743
21749
21781
21802
21817
21822
21824
21832
21841
21854
21864
21904
21915
21929
21938
21974
21975
21981
21994
22011
22015
22015
22019
22053
22057
22058
22065
22070
22106
22114
22114
22115
22119
22154
22163
22165
22181
22189
22191
22202
22203
22211
22216
22223
22238
22252
22264
22264
22266
22276
22304
22320
22324
22331
22339
22344
22357
22359
22383
22417
22421
22423
22428
22478
22493
22502
22507
22510
22538
22572
22576
22580
22584
22619
22620
22627
22629
22633
22645
22658
22676
22682
22688
22688
22708
22709
22716
22717
22734
22746
22747
22761
22762
22768
22787
22792
22809
22821
22825
22839
22849
22856
22863
22869
22877
22885
22889
22935
22939
22944
22951
22952
22961
22985
22987
23003
23033
23037
23041
23042
23059
23069
23091
23091
23097
23109
23117
23131
23142
23154
23156
23162
23167
23204
23236
23250
23264
23277
23284
23288
23291
23301
23302
23305
23326
23359
23387
23412
23418
23449
23477
23485
23498
23500
23517
23521
23524
23527
23554
23564
23573
23576
23577
23592
23599
23613
23624
23630
23639
23645
23651
23659
23713
23720
23727
23736
23797
23820
23824
23854
23859
23888
23889
23911
23925
23934
23939
23949
23956
23979
23989
24016
24035
24035
24043
24055
24055
24056
24058
24059
24069
24074
24074
24080
24081
24084
24098
24143
24144
24150
24153
24159
24162
24170
24180
24211
24233
24243
24251
24265
24265
24267
24283
24298
24305
24330
24331
24335
24354
24395
24402
24415
24418
24418
24422
24445
24447
24448
24452
24455
24461
24502
24522
24523
24533
24537
24541
24542
24557
24561
24576
24584
24603
24608
24613
24616
24616
24623
24626
24637
24654
24659
24662
24663
24672
24677
24679
24687
24692
24696
24712
24728
24756
24757
24779
24802
24807
24810
24811
24817
24821
24830
24849
24915
24940
24949
24950
24960
24977
24990
24990
25003
25016
25017
25027
25059
25118
25138
25165
25165
25167
25184
25184
25187
25189
25288
25288
25298
25314
25367
25372
25373
25378
25384
25388
25401
25406
25433
25446
25452
25462
25464
25472
25491
25494
25512
25517
25532
25550
25597
25597
25599
25618
25637
25649
25700
25704
25708
25713
25718
25731
25735
25739
25742
25742
25759
25786
25793
25811
25814
25833
25837
25844
25867
25876
25881
25883
25887
25900
25903
25912
25950
25958
25961
25991
25996
25999
26007
26018
26022
26028
26037
26052
26086
26092
26105
26107
26110
26111
26117
26133
26136
26149
26151
26237
26267
26275
26285
26298
26309
26337
26349
26353
26370
26375
26391
26392
26394
26430
26440
26441
26453
26489
26549
26592
26595
26618
26627
26639
26645
26653
26692
26698
26701
26715
26744
26757
26759
26766
26787
26792
26819
26825
26837
26848
26897
26911
26911
26922
26944
26976
26981
26984
27003
27007
27045
27050
27055
27091
27092
27092
27105
27108
27112
27117
27132
27144
27167
27170
27179
27188
27196
27199
27207
27211
27215
27248
27257
27258
27264
27265
27277
27283
27298
27305
27315
27331
27336
27352
27357
27410
27435
27436
27436
27441
27462
27475
27500
27504
27514
27520
27538
27553
27588
27641
27650
27660
27742
27742
27755
27755
27770
27774
27793
27800
27828
27838
27852
27861
27866
27866
27870
27892
27931
27935
27945
27946
27956
28024
28030
28047
28074
28123
28128
28148
28172
28195
28196
28197
28216
28228
28235
28247
28250
28251
28274
28279
28293
28300
28306
28311
28340
28368
28387
28418
28426
28433
28434
28454
28503
28513
28515
28528
28538
28538
28556
28556
28617
28621
28645
28646
28669
28696
28702
28711
28723
28725
28726
28750
28773
28806
28813
28823
28838
28840
28933
28936
28939
28961
28984
28999
29002
29004
29006
29020
29022
29033
29036
29079
29085
29096
29113
29121
29127
29142
29173
29210
29218
29238
29249
29253
29268
29276
29305
29307
29312
29352
29354
29355
29379
29382
29406
29406
29411
29422
29425
29449
29451
29478
29479
29479
29511
29513
29531
29531
29531
29552
29556
29557
29565
29567
29572
29588
29599
29600
29603
29607
29608
29609
29611
29620
29623
29629
29631
29641
29649
29657
29682
29700
29711
29718
29736
29772
29780
29781
29789
29791
29798
29806
29808
29813
29814
29819
29831
29833
29852
29877
29882
29883
29953
29961
29972
29998
30024
30045
30057
30057
30059
30070
30080
30098
30114
30129
30130
30154
30159
30204
30217
30229
30237
30245
30246
30320
30336
30338
30346
30358
30367
30393
30394
30399
30404
30414
30418
30419
30425
30435
30441
30477
30511
30514
30522
30523
30528
30528
30551
30566
30578
30591
30596
30623
30636
30641
30654
30670
30678
30684
30694
30695
30699
30736
30737
30739
30742
30766
30801
30817
30820
30825
30850
30878
30881
30885
30926
30946
30957
30980
30982
30984
31002
31003
31005
31026
31085
31089
31093
31124
31151
31217
31219
31244
31247
31278
31319
31333
31343
31347
31362
31374
31376
31411
31420
31455
31470
31475
31487
31494
31498
31516
31519
31534
31536
31537
31552
31557
31561
31567
31571
31579
31588
31589
31596
31626
31627
31644
31669
31678
31690
31728
31741
31764
31768
31771
31774
31777
31798
31801
31804
31808
31812
31842
31844
31849
31868
31877
31879
31885
31899
31905
31932
31939
31972
31984
32013
32013
32024
32027
32029
32064
32068
32075
32099
32126
32128
32142
32146
32147
32150
32167
32174
32183
32184
32185
32185
32192
32196
32229
32252
32267
32309
32319
32323
32325
32337
32338
32355
32364
32376
32378
32379
32397
32411
32429
32432
32454
32460
32506
32506
32546
32551
32564
32583
32654
32656
32661
32680
32687
32691
32709
32710
32714
32727
32728
32758
32761

