11
17
19
20
35
42
44
56
59
88
111
120
126
148
171
177
187
208
208
218
242
271
273
283
298
308
309
318
319
320
347
368
368
375
381
395
404
413
432
435
438
458
460
463
470
471
474
476
510
515
530
558
560
581
588
589
591
657
700
715
725
736
737
738
744
752
757
771
833
836
842
847
854
858
869
873
888
892
896
898
911
916
921
925
965
983
1003
1008
1024
1025
1030
1049
1049
1052
1074
1144
1147
1164
1165
1245
1252
1273
1277
1283
1306
1325
1328
1371
1377
1412
1413
1434
1461
1491
1495
1508
1525
1544
1563
1570
1570
1570
1573
1575
1576
1587
1594
1598
1601
1611
1622
1634
1655
1664
1702
1725
1729
1764
1787
1809
1858
1865
1866
1871
1892
1898
1919
1923
1925
1926
1928
1928
1934
1944
1955
1965
1968
1970
1971
1972
2016
2026
2043
2043
2048
2059
2062
2071
2095
2112
2136
2153
2156
2161
2181
2183
2212
2220
2236
2268
2271
2272
2278
2279
2301
2303
2306
2332
2337
2347
2360
2372
2399
2431
2437
2443
2454
2468
2471
2483
2494
2501
2509
2519
2520
2576
2597
2628
2630
2632
2650
2671
2681
2682
2698
2715
2749
2759
2760
2771
2772
2778
2800
2819
2821
2824
2825
2848
2857
2878
2904
2911
2926
2947
2962
2965
2978
2986
2986
2995
3013
3014
3023
3024
3028
3049
3060
3067
3095
3095
3109
3116
3119
3123
3136
3144
3154
3161
3173
3174
3174
3192
3192
3195
3210
3220
3230
3236
3241
3255
3284
3292
3300
3306
3313
3320
3332
3341
3343
3346
3361
3362
3364
3380
3391
3392
3436
3437
3479
3510
3539
3540
3560
3571
3580
3593
3595
3603
3603
3604
3614
3615
3628
3630
3640
3649
3670
3680
3686
3687
3689
3739
3744
3756
3763
3801
3802
3812
3820
3822
3842
3866
3878
3880
3924
3931
3936
3954
3957
3965
3966
3975
4008
4015
4018
4036
4049
4061
4116
4127
4131
4134
4166
4192
4241
4262
4275
4282
4306
4340
4341
4363
4372
4404
4416
4437
4453
4454
4471
4478
4487
4488
4495
4518
4533
4538
4542
4543
4545
4546
4551
4592
4593
4594
4609
4628
4632
4691
4701
4711
4728
4738
4746
4746
4750
4751
4766
4771
4777
4779
4793
4808
4823
4830
4832
4843
4878
4881
4888
4910
4918
4922
4922
4927
4928
4980
4989
4990
4991
5017
5019
5111
5120
5125
5161
5174
5185
5188
5191
5204
5210
5261
5264
5266
5273
5301
5311
5313
5350
5360
5377
5426
5440
5456
5461
5478
5486
5490
5496
5500
5501
5510
5529
5593
5599
5610
5631
5641
5655
5656
5657
5662
5665
5665
5672
5677
5704
5766
5771
5783
5804
5804
5806
5820
5826
5857
5941
5955
5983
6003
6014
6016
6025
6050
6062
6070
6070
6092
6092
6099
6103
6106
6112
6115
6129
6129
6133
6140
6144
6146
6149
6182
6199
6210
6214
6225
6231
6234
6236
6251
6266
6293
6320
6325
6342
6343
6345
6360
6363
6378
6410
6429
6458
6474
6489
6492
6507
6512
6518
6518
6519
6532
6538
6544
6553
6557
6565
6596
6604
6609
6610
6643
6685
6712
6722
6732
6743
6747
6749
6757
6766
6790
6795
6807
6812
6817
6819
6823
6852
6853
6859
6871
6885
6910
6916
6925
6964
6983
6986
6986
6989
6994
7036
7037
7050
7092
7099
7106
7109
7111
7123
7130
7130
7140
7162
7163
7167
7182
7193
7204
7210
7212
7226
7227
7235
7236
7238
7244
7256
7294
7333
7334
7340
7341
7352
7369
7378
7380
7389
7392
7405
7409
7458
7468
7475
7478
7490
7512
7538
7547
7563
7572
7573
7577
7605
7640
7667
7675
7679
7685
7744
7746
7773
7786
7807
7830
7835
7839
7855
7861
7875
7901
7910
7921
7928
7930
7936
7937
7986
7990
7997
8010
8026
8030
8035
8050
8052
8058
8065
8083
8094
8120
8128
8130
8139
8141
8141
8157
8166
8173
8180
8194
8195
8206
8214
8216
8231
8259
8268
8279
8284
8303
8308
8322
8334
8348
8351
8376
8387
8411
8442
8456
8456
8475
8478
8480
8488
8488
8491
8590
8598
8607
8608
8643
8643
8711
8713
8738
8752
8848
8849
8852
8879
8881
8893
8896
8906
8928
8936
8937
8958
8960
8969
8971
8982
8986
8994
8994
8999
9006
9008
9022
9044
9083
9087
9105
9129
9141
9143
9149
9166
9170
9227
9241
9259
9270
9274
9285
9321
9326
9332
9338
9343
9360
9367
9371
9401
9402
9405
9427
9427
9428
9461
9472
9506
9507
9509
9517
9518
9525
9528
9547
9551
9552
9567
9587
9611
9618
9633
9640
9651
9652
9663
9663
9675
9675
9676
9676
9684
9701
9722
9733
9733
9740
9754
9759
9765
9768
9777
9809
9809
9809
9815
9862
9869
9883
9884
9889
9895
9895
9901
9903
9921
9927
9929
9941
9946
9953
9957
9961
9970
9982
9990
10044
10060
10065
10080
10086
10101
10101
10117
10130
10131
10131
10138
10142
10151
10152
10164
10168
10193
10198
10213
10215
10226
10231
10241
10244
10261
10270
10277
10288
10298
10300
10310
10316
10328
10330
10349
10386
10390
10401
10423
10449
10474
10497
10498
10508
10541
10554
10560
10571
10572
10579
10609
10619
10632
10632
10643
10653
10662
10669
10686
10694
10702
10706
10707
10709
10712
10719
10732
10755
10760
10765
10773
10795
10796
10804
10811
10817
10826
10842
10843
10844
10845
10887
10904
10941
10948
10952
10959
10967
11019
11023
11038
11054
11062
11113
11128
11141
11150
11154
11156
11157
11157
11163
11204
11224
11227
11270
11292
11300
11310
11350
11361
11374
11379
11400
11417
11464
11482
11529
11552
11568
11604
11605
11608
11628
11632
11634
11635
11644
11653
11664
11689
11689
11713
11721
11737
11744
11752
11764
11766
11766
11780
11789
11794
11796
11799
11807
11809
11813
11828
11839
11854
11862
11905
11909
11927
11930
11976
11977
11987
12019
12025
12029
12052
12058
12065
12070
12083
12085
12093
12112
12115
12141
12174
12181
12221
12232
12245
12270
12280
12312
12358
12362
12371
12373
12376
12378
12388
12390
12406
12408
12417
12430
12456
12458
12477
12506
12511
12517
12519
12526
12540
12546
12565
12566
12568
12579
12581
12588
12591
12593
12610
12664
12672
12700
12706
12709
12718
12751
12766
12831
12839
12845
12861
12880
12912
12916
12918
12928
12933
12940
12952
12965
12989
12994
13090
13090
13095
13120
13122
13136
13146
13169
13192
13199
13216
13218
13245
13250
13255
13255
13265
13278
13320
13355
13364
13364
13367
13399
13400
13414
13423
13435
13449
13484
13486
13530
13567
13570
13573
13584
13609
13626
13636
13639
13645
13652
13661
13672
13687
13705
13721
13724
13726
13769
13810
13811
13851
13853
13855
13855
13858
13909
13920
13939
13998
14002
14051
14060
14072
14073
14103
14127
14139
14146
14151
14160
14170
14174
14218
14260
14287
14294
14308
14315
14334
14339
14340
14347
14399
14425
14439
14442
14456
14470
14485
14493
14520
14557
14561
14577
14578
14652
14660
14661
14673
14676
14681
14720
14738
14743
14745
14746
14770
14781
14805
14813
14816
14820
14862
14877
14912
14915
14918
14923
14932
14932
14963
14991
15003
15012
15040
15045
15050
15051
15064
15083
15084
15108
15127
15131
15131
15134
15149
15205
15217
15220
15231
15233
15249
15249
15278
15284
15297
15317
15318
15322
15337
15352
15379
15386
15395
15399
15406
15416
15458
15462
15485
15494
15500
15506
15510
15514
15521
15534
15543
15544
15554
15601
15630
15648
15658
15661
15674
15696
15699
15724
15726
15730
15732
15735
15793
15798
15812
15837
15843
15855
15863
15864
15923
15959
16010
16021
16027
16029
16046
16068
16072
16083
16104
16119
16133
16153
16160
16179
16182
16190
16194
16201
16207
16208
16228
16268
16269
16289
16298
16320
16342
16349
16353
16361
16369
16384
16409
16426
16433
16441
16441
16449
16454
16454
16462
16474
16483
16500
16501
16509
16537
16541
16573
16576
16581
16590
16602
16603
16637
16664
16664
16688
16693
16694
16731
16733
16774
16786
16787
16791
16795
16799
16804
16835
16849
16850
16860
16892
16895
16929
16929
16979
17013
17020
17027
17034
17051
17052
17058
17073
17078
17088
17101
17123
17126
17127
17132
17135
17141
17154
17157
17161
17173
17216
17230
17244
17301
17312
17315
17342
17357
17364
17365
17371
17389
17390
17409
17423
17432
17460
17494
17519
17532
17547
17550
17556
17559
17567
17569
17582
17584
17655
17685
17693
17705
17714
17723
17736
17764
17772
17782
17786
17804
17805
17875
17876
17878
17907
17918
17918
17935
17942
17958
17964
17964
18001
18032
18039
18046
18048
18060
18070
18075
18076
18090
18112
18115
18134
18149
18157
18169
18180
18185
18196
18198
18210
18211
18212
18228
18232
18233
18239
18258
18259
18261
18265
18283
18311
18340
18341
18352
18352
18372
18373
18381
18406
18422
18444
18471
18471
18494
18511
18538
18543
18546
18554
18565
18571
18593
18597
18598
18600
18602
18605
18617
18629
18635
18637
18655
18661
18680
18691
18700
18707
18709
18726
18746
18759
18771
18781
18787
18793
18824
18828
18832
18836
18837
18853
18858
18865
18874
18890
18898
18902
18920
18920
18926
18933
18935
18962
18983
18985
18995
18998
19014
19017
19045
19072
19078
19094
19107
19121
19137
19139
19155
19161
19165
19167
19174
19191
19218
19247
19287
19287
19287
19291
19309
19311
19318
19346
19358
19373
19395
19403
19412
19413
19416
19433
19508
19534
19548
19587
19589
19603
19613
19629
19636
19642
19660
19679
19710
19719
19722
19724
19731
19732
19750
19761
19777
19797
19803
19815
19818
19841
19862
19894
19895
19904
19922
19950
19974
19977
19978
19980
19992
20071
20084
20111
20121
20128
20131
20139
20168
20169
20170
20176
20176
20182
20204
20212
20212
20215
20236
20268
20273
20300
20307
20308
20332
20366
20368
20376
20384
20385
20388
20400
20413
20436
20465
20468
20473
20475
20476
20531
20540
20551
20553
20559
20598
20607
20682
20689
20691
20698
20734
20737
20753
20761
20765
20808
20808
20811
20825
20850
20852
20852
20869
20871
20874
20880
20887
20891
20902
20956
20980
20980
21018
21040
21049
21065
21071
21083
21085
21087
21098
21115
21119
21120
21122
21133
21139
21172
21205
21238
21242
21251
21254
21264
21273
21287
21340
21360
21364
21380
21383
21402
21420
21423
21445
21453
21459
21467
21479
21488
21488
21493
21506
21530
21545
21553
21569
21582
21605
21621
21624
21624
21634
21644
21653
21654
21659
21670
21681
21688
21702
21705
21743
21745
21758
21766
21795
21811
21817
21818
21833
21854
21886
21887
21891
21906
21907
21917
21921
21973
21980
21981
21992
21992
21997
21999
22016
22071
22081
22089
22089
22090
22105
22117
22120
22132
22135
22151
22158
22160
22175
22177
22260
22271
22272
22314
22315
22334
22339
22352
22377
22387
22414
22443
22446
22451
22458
22474
22507
22510
22536
22546
22567
22581
22590
22602
22632
22643
22652
22654
22683
22692
22729
22773
22775
22800
22810
22812
22908
22917
22929
22944
22948
22952
22952
22978
22980
22980
23007
23026
23030
23053
23053
23076
23082
23086
23090
23093
23111
23119
23171
23194
23201
23205
23224
23228
23236
23248
23259
23259
23265
23275
23276
23294
23327
23328
23339
23345
23345
23410
23421
23439
23447
23461
23489
23502
23516
23517
23536
23553
23561
23575
23581
23598
23610
23652
23690
23693
23695
23708
23717
23731
23732
23755
23760
23763
23769
23810
23834
23879
23882
23943
23954
23998
24011
24021
24041
24043
24053
24057
24065
24075
24079
24088
24104
24115
24117
24121
24127
24154
24169
24169
24181
24188
24205
24212
24213
24219
24255
24269
24283
24289
24307
24328
24333
24340
24374
24402
24407
24428
24429
24441
24468
24475
24483
24496
24550
24558
24566
24585
24600
24615
24640
24643
24650
24651
24667
24707
24714
24737
24744
24753
24753
24754
24769
24774
24777
24786
24803
24815
24824
24829
24850
24862
24869
24882
24883
24888
24891
24899
24901
24927
24948
24955
24961
25026
25036
25049
25088
25089
25103
25111
25114
25139
25156
25159
25180
25199
25204
25216
25230
25245
25250
25261
25272
25280
25283
25298
25326
25337
25352
25372
25375
25387
25395
25398
25407
25416
25436
25457
25459
25466
25478
25512
25520
25521
25544
25544
25562
25566
25568
25596
25604
25620
25621
25627
25667
25667
25669
25670
25673
25675
25692
25705
25713
25750
25754
25767
25777
25781
25817
25823
25828
25828
25828
25850
25905
25925
25928
25937
25939
25964
25975
25989
26008
26015
26032
26067
26105
26131
26134
26159
26172
26201
26222
26250
26253
26255
26260
26262
26279
26290
26304
26321
26377
26381
26416
26444
26450
26459
26467
26470
26470
26497
26505
26527
26563
26573
26582
26583
26585
26596
26599
26600
26604
26605
26613
26620
26623
26640
26651
26655
26675
26679
26704
26712
26724
26744
26746
26762
26772
26774
26774
26783
26791
26792
26797
26798
26810
26820
26820
26822
26852
26893
26906
26914
26922
26956
26965
26976
26979
26995
27005
27029
27042
27050
27063
27064
27077
27079
27082
27087
27097
27107
27154
27161
27177
27196
27198
27247
27265
27274
27319
27331
27346
27357
27375
27377
27421
27421
27423
27426
27447
27473
27483
27484
27486
27488
27491
27508
27526
27545
27553
27559
27583
27600
27622
27631
27648
27651
27662
27667
27668
27674
27687
27691
27715
27777
27779
27780
27812
27814
27821
27832
27846
27852
27861
27872
27889
27922
27926
27958
27969
27997
28014
28024
28036
28050
28051
28072
28100
28117
28130
28132
28134
28147
28165
28171
28174
28179
28189
28193
28200
28215
28222
28265
28266
28266
28289
28302
28328
28331
28341
28349
28359
28363
28372
28372
28377
28400
28402
28424
28427
28434
28438
28440
28442
28453
28472
28510
28512
28515
28520
28537
28549
28558
28560
28565
28569
28571
28590
28605
28607
28611
28633
28652
28660
28665
28673
28679
28688
28698
28706
28710
28719
28721
28734
28735
28755
28756
28775
28795
28801
28813
28826
28852
28863
28871
28874
28879
28904
28912
28921
28929
28938
28941
28941
28950
28957
28971
28991
29009
29011
29022
29023
29031
29046
29053
29063
29071
29072
29077
29095
29109
29118
29121
29129
29134
29135
29146
29154
29170
29176
29179
29206
29208
29249
29254
29281
29285
29297
29305
29308
29324
29343
29366
29397
29426
29453
29454
29455
29492
29504
29514
29521
29521
29544
29557
29558
29571
29577
29581
29582
29582
29594
29595
29610
29611
29616
29630
29637
29642
29651
29672
29676
29712
29720
29731
29753
29756
29766
29767
29778
29805
29806
29812
29836
29836
29862
29868
29871
29873
29874
29877
29901
29904
29908
29925
29928
29929
29966
29994
29999
30019
30032
30035
30043
30065
30067
30088
30113
30113
30115
30126
30143
30195
30210
30247
30250
30252
30273
30279
30291
30294
30311
30313
30347
30356
30357
30367
30378
30384
30389
30421
30423
30441
30461
30461
30461
30465
30465
30473
30480
30491
30540
30561
30563
30573
30584
30602
30611
30618
30622
30638
30658
30661
30678
30681
30692
30694
30701
30707
30750
30753
30762
30766
30775
30779
30789
30819
30847
30855
30865
30919
30928
30935
30960
30987
31038
31039
31076
31082
31110
31112
31126
31136
31166
31177
31198
31205
31211
31215
31218
31251
31256
31263
31276
31302
31317
31363
31378
31379
31385
31391
31398
31399
31409
31411
31423
31425
31436
31438
31453
31470
31491
31497
31521
31528
31528
31532
31538
31544
31548
31555
31566
31574
31575
31581
31608
31611
31628
31631
31637
31701
31716
31731
31731
31789
31799
31810
31830
31855
31860
31875
31886
31919
31924
31954
31961
31970
31994
31994
31998
32010
32048
32052
32053
32082
32091
32101
32125
32127
32143
32151
32187
32206
32206
32239
32306
32309
32317
32318
32322
32328
32346
32346
32351
32351
32369
32393
32406
32409
32415
32415
32432
32433
32441
32448
32477
32478
32479
32487
32498
32505
32518
32526
32565
32581
32583
32591
32595
32662
32662
32677
32687
32688
32698
32711
32718
32719
32726
32736
32737
32739
32747
32765

