7
9
20
47
66
82
122
140
146
161
178
196
202
262
273
303
314
318
356
361
371
373
379
385
389
394
401
419
444
451
452
468
477
485
531
602
608
617
619
622
627
631
655
677
679
694
705
716
717
725
730
739
744
751
756
789
792
799
813
815
816
823
832
846
849
854
872
873
873
909
915
922
925
953
962
975
990
999
1042
1061
1064
1064
1077
1091
1102
1117
1121
1130
1142
1145
1166
1167
1209
1240
1243
1243
1292
1293
1304
1324
1332
1352
1356
1360
1368
1393
1401
1432
1435
1453
1463
1464
1492
1498
1519
1543
1554
1584
1588
1660
1677
1697
1722
1732
1735
1748
1754
1787
1808
1825
1826
1830
1831
1833
1858
1878
1885
1906
1911
1922
1943
1959
1959
1961
1999
2008
2012
2018
2020
2067
2089
2097
2109
2134
2141
2151
2155
2164
2170
2196
2218
2227
2241
2241
2241
2246
2265
2271
2281
2281
2296
2302
2318
2323
2341
2351
2355
2401
2401
2410
2424
2437
2438
2460
2491
2499
2503
2516
2528
2529
2531
2540
2545
2557
2558
2563
2579
2581
2587
2612
2612
2614
2616
2623
2631
2682
2683
2696
2699
2710
2725
2728
2745
2771
2771
2772
2797
2828
2830
2836
2845
2856
2857
2892
2895
2902
2906
2909
2924
2929
2932
2949
2960
2970
2984
2997
3002
3011
3046
3051
3070
3076
3081
3104
3134
3182
3184
3191
3198
3216
3222
3222
3239
3247
3252
3280
3324
3333
3362
3409
3421
3433
3442
3468
3472
3491
3526
3528
3532
3540
3546
3546
3558
3585
3597
3606
3619
3622
3640
3640
3644
3655
3684
3718
3726
3726
3736
3767
3779
3787
3795
3816
3818
3835
3842
3845
3860
3874
3875
3893
3928
3933
3971
3976
3984
3984
3986
4020
4063
4069
4073
4074
4114
4119
4149
4157
4176
4177
4178
4199
4215
4228
4237
4240
4245
4250
4259
4280
4287
4337
4347
4365
4386
4387
4415
4415
4476
4494
4502
4516
4548
4556
4561
4565
4570
4571
4574
4591
4593
4626
4634
4640
4641
4643
4652
4659
4677
4683
4688
4735
4754
4844
4853
4867
4871
4884
4887
4911
4912
4913
4923
4957
4998
5005
5017
5038
5045
5074
5081
5113
5119
5126
5141
5144
5161
5192
5227
5269
5279
5283
5286
5292
5328
5353
5372
5374
5382
5385
5411
5424
5433
5446
5449
5485
5488
5498
5524
5536
5544
5561
5579
5595
5599
5628
5629
5638
5638
5652
5653
5679
5679
5706
5712
5721
5735
5746
5746
5777
5806
5807
5810
5840
5850
5893
5894
5912
5914
5926
5930
5968
5972
5972
5981
6011
6013
6025
6031
6051
6072
6075
6115
6116
6126
6133
6154
6164
6193
6213
6231
6267
6276
6290
6318
6329
6356
6358
6376
6399
6421
6421
6434
6437
6440
6444
6479
6483
6486
6495
6505
6508
6522
6522
6531
6533
6544
6546
6551
6571
6572
6572
6578
6584
6602
6620
6626
6635
6649
6659
6668
6716
6719
6726
6731
6733
6792
6810
6824
6840
6856
6858
6864
6875
6928
6937
6940
6949
6950
6951
6958
7009
7038
7044
7047
7062
7065
7069
7082
7123
7133
7146
7152
7154
7163
7165
7165
7185
7199
7209
7211
7212
7237
7253
7258
7271
7290
7313
7320
7357
7357
7387
7387
7389
7400
7417
7460
7462
7463
7465
7466
7468
7469
7472
7493
7508
7511
7521
7537
7546
7559
7560
7566
7569
7602
7604
7607
7615
7622
7629
7631
7654
7664
7668
7671
7692
7706
7706
7709
7712
7732
7732
7734
7746
7748
7763
7783
7790
7797
7804
7816
7825
7826
7829
7832
7836
7850
7862
7897
7911
7925
7963
7973
7978
7982
7985
7989
8007
8023
8023
8027
8071
8074
8074
8091
8099
8099
8101
8111
8132
8145
8150
8167
8186
8197
8202
8242
8255
8271
8278
8278
8285
8333
8336
8351
8366
8370
8370
8384
8391
8405
8437
8445
8456
8470
8476
8484
8488
8499
8542
8543
8550
8559
8572
8606
8638
8654
8662
8668
8671
8691
8697
8710
8726
8739
8744
8827
8855
8915
8930
8940
8960
8965
8970
8981
8985
8986
8986
8996
9017
9022
9024
9035
9072
9080
9094
9109
9144
9149
9181
9182
9202
9245
9277
9283
9302
9335
9343
9357
9363
9368
9380
9387
9410
9421
9443
9477
9499
9512
9534
9545
9567
9618
9624
9655
9656
9656
9668
9679
9681
9696
9697
9713
9730
9747
9757
9780
9787
9810
9823
9825
9840
9843
9853
9855
9863
9870
9876
9876
9884
9897
9900
9914
9915
9919
9928
9941
9942
9975
9982
9983
9989
10004
10004
10011
10014
10041
10049
10049
10051
10054
10079
10096
10097
10117
10118
10169
10189
10211
10218
10225
10245
10254
10273
10276
10283
10301
10322
10355
10378
10389
10392
10402
10440
10480
10482
10488
10503
10509
10534
10538
10551
10566
10577
10606
10610
10610
10627
10632
10657
10658
10661
10662
10667
10668
10686
10688
10688
10716
10725
10763
10768
10778
10804
10806
10812
10812
10818
10848
10849
10852
10852
10868
10874
10875
10896
10898
10916
10928
10931
10932
10959
10997
10998
11011
11011
11015
11019
11029
11045
11049
11049
11059
11078
11099
11102
11103
11122
11124
11129
11140
11141
11148
11157
11171
11181
11186
11187
11197
11203
11212
11232
11233
11279
11294
11302
11309
11315
11327
11358
11390
11401
11442
11449
11470
11480
11489
11501
11520
11529
11561
11583
11587
11597
11598
11607
11615
11645
11652
11656
11669
11676
11699
11730
11733
11739
11742
11751
11803
11824
11851
11854
11880
11899
11907
11911
11914
11915
11922
11949
11967
11970
11985
11997
11998
12007
12011
12046
12058
12065
12086
12102
12118
12124
12127
12139
12147
12158
12162
12197
12198
12201
12207
12207
12212
12220
12258
12264
12290
12295
12324
12327
12330
12344
12352
12437
12443
12454
12455
12460
12492
12512
12517
12523
12524
12525
12552
12556
12579
12589
12593
12596
12618
12625
12627
12628
12642
12650
12670
12675
12681
12684
12717
12726
12729
12742
12770
12773
12780
12786
12819
12821
12842
12843
12843
12845
12859
12866
12888
12903
12904
12912
12914
12948
12952
12987
12995
13023
13026
13040
13049
13058
13072
13104
13105
13105
13114
13127
13142
13144
13150
13155
13156
13159
13176
13177
13185
13201
13204
13210
13216
13217
13223
13248
13252
13288
13315
13332
13333
13348
13356
13387
13415
13428
13436
13462
13469
13474
13475
13479
13485
13485
13493
13494
13524
13534
13544
13550
13552
13591
13604
13608
13608
13620
13623
13637
13645
13674
13687
13691
13699
13705
13707
13743
13748
13748
13759
13771
13808
13826
13840
13874
13879
13943
13961
13972
14024
14030
14063
14109
14149
14150
14167
14187
14196
14201
14213
14236
14244
14246
14252
14277
14300
14300
14312
14329
14362
14362
14364
14368
14386
14403
14406
14416
14428
14431
14489
14568
14572
14585
14597
14613
14614
14617
14630
14646
14651
14671
14702
14712
14720
14722
14724
14739
14746
14749
14754
14770
14772
14775
14788
14789
14794
14840
14843
14860
14868
14870
14877
14889
14953
14954
14970
14994
15006
15013
15033
15054
15058
15066
15068
15068
15068
15119
15123
15128
15141
15164
15172
15179
15180
15207
15209
15215
15222
15230
15236
15246
15247
15252
15271
15297
15306
15322
15336
15400
15402
15409
15420
15422
15443
15465
15482
15503
15527
15566
15570
15585
15624
15624
15659
15670
15693
15703
15720
15749
15782
15783
15789
15813
15821
15851
15860
15865
15872
15879
15903
15903
15950
15981
15984
15991
16002
16006
16017
16035
16036
16041
16052
16080
16115
16126
16134
16137
16142
16143
16144
16152
16153
16155
16156
16177
16188
16193
16210
16223
16227
16237
16259
16264
16280
16282
16283
16293
16295
16300
16314
16334
16346
16349
16364
16377
16377
16380
16393
16399
16406
16417
16428
16452
16460
16462
16464
16469
16480
16524
16552
16563
16580
16596
16616
16646
16655
16658
16660
16671
16679
16729
16743
16762
16821
16828
16845
16871
16881
16888
16898
16905
16907
16918
16927
16937
16938
16973
16979
16985
17014
17054
17076
17091
17105
17125
17137
17163
17170
17172
17205
17223
17250
17261
17262
17267
17274
17278
17281
17284
17294
17317
17323
17331
17335
17354
17354
17364
17370
17378
17379
17403
17418
17435
17455
17460
17469
17476
17482
17497
17505
17522
17524
17526
17532
17617
17620
17629
17651
17671
17675
17679
17692
17706
17711
17713
17718
17741
17764
17781
17806
17807
17834
17840
17846
17849
17875
17902
17905
17908
17944
17953
17955
17958
17964
17971
17974
17974
17985
17990
18000
18011
18014
18019
18021
18029
18043
18069
18069
18089
18091
18098
18102
18113
18113
18116
18144
18146
18156
18174
18178
18179
18251
18261
18278
18284
18288
18291
18294
18299
18313
18321
18321
18328
18351
18383
18393
18403
18411
18416
18425
18426
18458
18459
18461
18463
18466
18467
18483
18491
18500
18508
18529
18551
18554
18570
18615
18621
18635
18642
18671
18684
18689
18698
18712
18714
18730
18773
18784
18800
18811
18829
18835
18837
18854
18857
18887
18888
18889
18904
18912
18919
18938
18942
18947
18956
18965
18965
18973
18978
18980
18984
18991
18999
19002
19006
19022
19024
19040
19041
19041
19041
19067
19075
19091
19105
19112
19115
19115
19124
19129
19135
19141
19144
19164
19174
19238
19259
19273
19279
19284
19287
19298
19299
19328
19342
19388
19414
19437
19454
19471
19479
19480
19498
19513
19549
19566
19594
19603
19607
19608
19635
19665
19667
19681
19688
19713
19721
19734
19735
19751
19752
19759
19764
19767
19779
19789
19797
19806
19806
19812
19824
19850
19858
19868
19872
19874
19911
19927
19984
19988
19993
20013
20016
20024
20048
20074
20077
20093
20097
20099
20101
20122
20122
20133
20138
20146
20155
20159
20160
20187
20188
20221
20226
20232
20246
20256
20260
20266
20319
20355
20357
20357
20368
20385
20397
20404
20405
20409
20413
20418
20430
20437
20441
20446
20460
20467
20485
20488
20507
20513
20517
20527
20532
20540
20541
20554
20554
20561
20596
20608
20643
20662
20678
20680
20683
20699
20711
20745
20746
20759
20778
20806
20808
20810
20822
20825
20865
20868
20883
20887
20902
20924
20946
20964
20971
20971
20974
20988
20990
21003
21006
21018
21036
21037
21044
21050
21068
21103
21115
21130
21134
21170
21195
21218
21219
21245
21260
21273
21295
21328
21354
21358
21374
21375
21381
21398
21418
21458
21461
21475
21477
21503
21509
21519
21567
21572
21575
21590
21608
21613
21627
21630
21641
21719
21725
21731
21749
21795
21799
21804
21805
21823
21848
21857
21857
21918
21920
21930
21932
21951
21986
22006
22017
22020
22053
22085
22088
22091
22102
22117
22127
22129
22149
22162
22171
22189
22206
22226
22278
22282
22311
22339
22349
22356
22366
22369
22373
22374
22378
22380
22401
22404
22419
22424
22462
22464
22487
22504
22521
22543
22559
22563
22568
22581
22592
22596
22605
22607
22609
22621
22637
22639
22651
22652
22654
22658
22669
22670
22685
22737
22745
22754
22771
22778
22803
22817
22819
22841
22848
22864
22875
22909
22947
22987
22992
23014
23025
23040
23042
23042
23055
23063
23084
23087
23090
23099
23107
23122
23168
23189
23206
23248
23252
23265
23295
23344
23353
23354
23362
23369
23385
23427
23431
23438
23459
23460
23463
23480
23490
23493
23502
23506
23521
23535
23542
23559
23569
23574
23577
23577
23602
23611
23620
23625
23630
23631
23634
23656
23658
23681
23692
23720
23728
23731
23752
23775
23791
23792
23804
23812
23816
23821
23837
23851
23856
23859
23875
23881
23887
23912
23919
23934
23959
23990
24018
24022
24046
24055
24063
24079
24093
24097
24114
24121
24126
24135
24139
24144
24158
24187
24188
24222
24225
24225
24237
24252
24281
24311
24339
24350
24350
24361
24378
24380
24386
24389
24402
24416
24417
24418
24419
24422
24440
24442
24444
24452
24474
24489
24505
24507
24514
24517
24519
24522
24526
24536
24550
24551
24559
24592
24628
24659
24669
24675
24731
24731
24732
24766
24774
24778
24790
24810
24826
24864
24869
24874
24878
24884
24884
24887
24893
24899
24901
24909
24913
24918
24923
24924
24927
24948
24951
24953
24956
24985
25044
25048
25062
25089
25122
25146
25148
25180
25181
25196
25215
25220
25246
25251
25256
25277
25280
25281
25283
25302
25312
25317
25334
25351
25358
25359
25377
25440
25445
25463
25475
25499
25500
25518
25540
25570
25577
25580
25584
25599
25620
25627
25670
25676
25698
25715
25718
25727
25730
25741
25747
25768
25773
25778
25783
25812
25824
25869
25886
25887
25925
25940
25944
25958
25988
26008
26010
26020
26020
26027
26038
26046
26055
26056
26066
26074
26081
26085
26088
26103
26108
26124
26152
26170
26174
26177
26189
26211
26212
26212
26230
26242
26256
26290
26320
26357
26357
26361
26376
26376
26389
26395
26395
26403
26427
26434
26447
26453
26471
26503
26506
26532
26546
26548
26550
26552
26609
26613
26626
26626
26630
26643
26651
26663
26674
26678
26706
26715
26728
26745
26751
26755
26778
26815
26821
26824
26825
26842
26846
26859
26883
26895
26918
26939
26954
26960
26964
26983
26999
27025
27032
27050
27089
27095
27097
27140
27145
27146
27154
27169
27192
27193
27202
27209
27227
27228
27231
27232
27264
27266
27267
27269
27269
27281
27284
27292
27293
27298
27308
27311
27314
27351
27357
27359
27369
27391
27393
27406
27436
27440
27446
27451
27484
27485
27488
27490
27495
27523
27533
27542
27543
27543
27561
27603
27616
27626
27628
27634
27640
27659
27665
27708
27710
27786
27805
27814
27819
27819
27825
27835
27841
27879
27915
27952
27964
27969
27984
27985
27995
27996
28020
28022
28037
28040
28062
28064
28069
28075
28088
28091
28109
28158
28159
28195
28195
28207
28219
28220
28260
28261
28262
28288
28306
28311
28323
28326
28363
28386
28430
28434
28439
28445
28451
28460
28461
28480
28487
28502
28523
28543
28544
28546
28572
28606
28619
28619
28642
28649
28653
28681
28685
28698
28700
28718
28742
28769
28777
28785
28795
28804
28808
28845
28852
28861
28899
28906
28912
28963
28965
28995
29010
29016
29035
29068
29070
29072
29087
29095
29098
29103
29107
29114
29129
29143
29147
29156
29165
29190
29200
29224
29232
29253
29256
29258
29259
29280
29286
29299
29301
29301
29302
29305
29317
29333
29337
29350
29352
29354
29355
29384
29410
29425
29439
29459
29481
29487
29504
29511
29524
29534
29554
29555
29555
29587
29589
29594
29621
29632
29639
29653
29655
29660
29669
29710
29716
29723
29742
29744
29765
29786
29786
29794
29805
29813
29830
29831
29847
29849
29865
29898
29904
29919
29948
29968
29974
29992
30024
30052
30070
30078
30080
30095
30120
30120
30128
30132
30156
30174
30213
30243
30245
30247
30274
30295
30302
30346
30349
30374
30389
30390
30396
30426
30432
30493
30493
30494
30521
30544
30544
30552
30554
30566
30568
30574
30582
30585
30592
30598
30622
30630
30634
30662
30678
30688
30695
30704
30708
30709
30749
30764
30785
30793
30793
30818
30842
30856
30864
30882
30896
30920
30936
30947
30950
30953
30958
30961
30965
30970
30977
30985
30991
30991
31011
31024
31029
31031
31157
31161
31173
31195
31199
31202
31203
31212
31227
31262
31266
31279
31340
31357
31359
31372
31375
31387
31389
31403
31427
31433
31456
31474
31476
31478
31490
31511
31522
31538
31562
31583
31583
31589
31597
31599
31607
31623
31629
31633
31676
31691
31709
31719
31729
31740
31756
31785
31796
31848
31857
31859
31860
31866
31872
31902
31930
31932
31937
31948
31964
31970
31977
31978
31980
31994
31994
32026
32039
32045
32051
32052
32079
32082
32085
32090
32095
32115
32128
32138
32150
32165
32166
32180
32195
32204
32216
32244
32262
32283
32292
32298
32328
32334
32357
32358
32361
32369
32373
32375
32380
32388
32416
32421
32424
32460
32460
32462
32504
32508
32519
32534
32540
32555
32558
32560
32573
32588
32591
32591
32597
32616
32623
32624
32627
32628
32631
32634
32638
32647
32648
32650
32688
32715
32719
32720
32725
32730
32732
32737
32750
32753
32754
32754
32760

