0
1
10
10
16
18
61
63
111
150
150
153
158
165
167
176
188
201
211
226
237
256
265
287
303
316
324
330
353
405
436
452
474
475
490
491
493
495
508
509
511
514
518
534
534
553
557
574
602
616
636
642
660
708
714
715
767
767
774
785
818
882
895
895
898
901
904
924
925
940
944
958
962
977
981
991
1027
1065
1067
1070
1071
1072
1086
1093
1109
1123
1127
1138
1174
1177
1188
1204
1210
1212
1235
1252
1257
1265
1266
1267
1286
1312
1317
1317
1320
1324
1342
1361
1365
1385
1386
1393
1402
1411
1423
1437
1451
1453
1455
1482
1506
1515
1519
1519
1521
1540
1566
1571
1574
1580
1610
1630
1633
1641
1650
1654
1660
1674
1707
1725
1739
1744
1798
1800
1807
1813
1821
1825
1825
1837
1845
1850
1857
1860
1866
1867
1870
1880
1886
1896
1916
1924
1938
1954
1974
1980
2006
2027
2029
2040
2045
2051
2059
2062
2086
2109
2132
2135
2137
2155
2158
2165
2197
2200
2214
2233
2245
2246
2246
2262
2305
2309
2312
2317
2326
2327
2343
2353
2361
2400
2407
2410
2420
2438
2445
2457
2470
2479
2483
2485
2491
2522
2525
2552
2557
2560
2560
2610
2610
2622
2648
2664
2678
2694
2699
2700
2740
2751
2764
2805
2815
2820
2834
2847
2880
2881
2883
2903
2906
2906
2911
2914
2959
2971
2976
2976
2986
2992
2993
2999
3005
3016
3024
3025
3029
3105
3112
3116
3132
3137
3145
3149
3153
3164
3168
3174
3199
3202
3211
3223
3230
3238
3245
3248
3252
3255
3276
3352
3380
3387
3387
3389
3395
3402
3427
3430
3465
3471
3521
3536
3540
3561
3564
3583
3625
3658
3672
3728
3747
3774
3800
3801
3802
3813
3846
3848
3855
3873
3884
3898
3905
3933
3938
3941
3996
4033
4033
4069
4130
4141
4161
4164
4167
4169
4194
4208
4216
4230
4237
4258
4274
4314
4316
4324
4330
4334
4379
4385
4410
4439
4455
4457
4460
4473
4503
4504
4513
4531
4535
4537
4537
4539
4540
4559
4561
4561
4562
4570
4575
4589
4650
4655
4662
4671
4679
4680
4684
4696
4716
4743
4756
4771
4786
4794
4800
4834
4835
4857
4873
4881
4898
4915
4921
4929
4937
4959
4962
4967
4973
4983
4993
4997
5003
5004
5006
5031
5048
5057
5071
5073
5078
5088
5095
5097
5156
5160
5160
5196
5202
5207
5242
5245
5249
5250
5251
5254
5259
5259
5261
5288
5288
5343
5349
5360
5370
5394
5404
5424
5443
5459
5459
5475
5479
5483
5489
5493
5504
5508
5523
5544
5550
5560
5562
5586
5629
5633
5655
5662
5672
5680
5685
5707
5732
5749
5758
5768
5777
5790
5821
5823
5833
5859
5867
5885
5891
5904
5907
5974
5986
6007
6013
6018
6019
6035
6038
6040
6048
6088
6089
6100
6100
6117
6146
6149
6154
6158
6160
6161
6174
6184
6191
6192
6196
6251
6258
6268
6274
6297
6297
6306
6330
6362
6363
6393
6394
6401
6401
6413
6416
6418
6420
6431
6441
6445
6449
6454
6464
6474
6480
6484
6493
6497
6508
6522
6533
6546
6553
6555
6555
6639
6670
6687
6704
6712
6727
6729
6731
6737
6745
6747
6752
6753
6780
6780
6807
6811
6811
6844
6846
6863
6863
6866
6869
6877
6880
6887
6887
6887
6890
6990
6991
7007
7025
7028
7029
7030
7061
7065
7070
7072
7074
7083
7102
7110
7111
7118
7123
7126
7131
7142
7150
7155
7157
7164
7181
7182
7186
7187
7206
7214
7219
7236
7238
7248
7263
7267
7271
7276
7285
7318
7347
7363
7381
7394
7397
7404
7428
7470
7471
7487
7497
7528
7529
7545
7552
7560
7589
7592
7602
7615
7626
7626
7634
7663
7667
7689
7697
7736
7762
7802
7812
7834
7843
7872
7878
7881
7890
7904
7906
7913
7934
7947
7949
7964
7967
7969
7973
7980
7983
8003
8011
8028
8041
8062
8066
8068
8074
8081
8091
8091
8104
8105
8130
8131
8134
8148
8288
8297
8297
8335
8338
8347
8348
8359
8411
8416
8427
8430
8457
8468
8495
8495
8516
8523
8526
8536
8541
8545
8562
8577
8581
8590
8619
8628
8643
8650
8662
8662
8669
8684
8687
8694
8700
8718
8731
8763
8798
8802
8823
8832
8839
8839
8851
8860
8888
8904
8928
8945
8947
8957
8962
8974
8991
8994
9009
9021
9024
9025
9034
9045
9053
9058
9070
9114
9121
9128
9130
9134
9145
9191
9192
9207
9222
9249
9259
9261
9268
9272
9296
9315
9315
9317
9380
9382
9384
9384
9384
9407
9420
9424
9454
9476
9483
9500
9515
9540
9565
9572
9616
9622
9636
9655
9675
9752
9785
9789
9825
9840
9843
9871
9877
9906
9908
9924
9924
9937
9938
9947
9951
9981
9981
9983
9983
9984
9986
9997
10006
10015
10016
10016
10019
10020
10056
10080
10105
10135
10138
10146
10146
10165
10187
10191
10220
10222
10224
10231
10238
10238
10245
10261
10273
10277
10298
10324
10362
10369
10425
10439
10447
10451
10459
10472
10481
10486
10500
10520
10530
10580
10580
10581
10591
10602
10612
10618
10650
10695
10714
10715
10756
10782
10795
10804
10809
10826
10833
10854
10862
10883
10885
10889
10903
10904
10913
10917
10956
10968
10976
10985
11008
11067
11068
11085
11108
11131
11132
11138
11140
11140
11146
11155
11159
11162
11165
11169
11185
11210
11222
11240
11247
11253
11279
11285
11300
11304
11335
11349
11354
11355
11362
11365
11370
11402
11412
11418
11424
11449
11462
11473
11476
11482
11499
11502
11508
11511
11519
11530
11541
11541
11549
11559
11573
11584
11599
11615
11617
11618
11618
11633
11634
11640
11653
11676
11680
11701
11732
11733
11734
11751
11774
11791
11796
11807
11811
11824
11831
11833
11844
11877
11884
11888
11904
11917
11918
11942
11974
11982
11986
12021
12027
12040
12042
12064
12066
12089
12097
12136
12155
12160
12162
12184
12196
12235
12238
12268
12280
12283
12285
12310
12313
12317
12338
12338
12349
12350
12366
12369
12377
12380
12386
12388
12404
12412
12415
12426
12427
12434
12437
12465
12495
12505
12508
12539
12540
12541
12560
12586
12596
12596
12612
12627
12662
12663
12675
12676
12694
12700
12703
12708
12716
12721
12721
12763
12786
12801
12804
12805
12810
12820
12834
12837
12838
12874
12881
12936
12939
12947
12965
13005
13027
13041
13075
13092
13095
13097
13098
13100
13123
13193
13204
13231
13244
13252
13254
13265
13268
13269
13279
13282
13290
13293
13321
13341
13343
13368
13371
13385
13400
13404
13409
13466
13496
13500
13508
13509
13514
13532
13538
13541
13560
13563
13576
13580
13590
13607
13612
13628
13631
13662
13663
13678
13718
13741
13746
13752
13755
13761
13780
13866
13911
13916
13916
13929
13940
13943
13945
13993
13998
13999
14009
14031
14060
14064
14065
14078
14080
14096
14102
14121
14144
14150
14179
14182
14209
14212
14229
14242
14248
14248
14261
14261
14270
14281
14295
14296
14328
14348
14375
14384
14392
14425
14433
14443
14448
14453
14458
14459
14475
14496
14500
14530
14534
14539
14540
14595
14600
14615
14615
14616
14620
14628
14653
14654
14662
14698
14703
14714
14723
14741
14751
14759
14767
14781
14793
14808
14826
14838
14841
14857
14879
14892
14892
14895
14911
14922
14933
14943
14972
14978
14988
14999
15020
15053
15066
15079
15122
15137
15141
15157
15167
15191
15227
15245
15247
15257
15282
15309
15317
15318
15350
15363
15367
15387
15400
15412
15415
15419
15453
15459
15459
15485
15489
15496
15498
15521
15540
15551
15563
15564
15588
15601
15604
15618
15619
15623
15625
15639
15642
15669
15675
15676
15690
15696
15703
15710
15715
15736
15737
15754
15755
15763
15774
15779
15816
15835
15873
15875
15889
15899
15904
15908
15910
15921
15939
15958
15960
15973
16001
16009
16015
16018
16044
16053
16055
16057
16076
16091
16096
16098
16111
16144
16144
16151
16156
16166
16168
16174
16177
16209
16210
16215
16219
16228
16236
16287
16319
16347
16354
16379
16382
16388
16442
16444
16456
16510
16534
16542
16570
16575
16584
16599
16600
16608
16620
16622
16658
16672
16673
16684
16703
16708
16715
16717
16721
16739
16748
16763
16768
16790
16794
16844
16869
16927
16930
16962
16965
16977
17007
17011
17016
17016
17018
17023
17043
17048
17052
17055
17059
17082
17083
17084
17133
17144
17147
17155
17164
17169
17204
17208
17247
17263
17273
17282
17283
17291
17307
17317
17348
17372
17385
17404
17423
17444
17462
17469
17483
17534
17535
17561
17579
17585
17589
17603
17607
17612
17621
17675
17690
17717
17733
17754
17755
17756
17775
17778
17792
17822
17857
17870
17887
17916
17944
17980
17981
17986
17995
17999
18014
18035
18060
18095
18107
18110
18116
18125
18129
18145
18148
18154
18180
18182
18205
18229
18245
18247
18249
18267
18303
18307
18308
18385
18437
18466
18468
18494
18506
18540
18542
18544
18560
18561
18566
18568
18592
18607
18635
18639
18640
18644
18665
18666
18667
18681
18685
18712
18723
18739
18752
18765
18766
18767
18775
18775
18784
18816
18854
18855
18858
18871
18887
18894
18913
18921
18922
18937
18959
18971
18971
18977
18988
19017
19023
19033
19034
19038
19039
19048
19053
19074
19125
19142
19146
19153
19164
19179
19196
19216
19229
19277
19284
19291
19304
19335
19350
19409
19442
19447
19460
19462
19484
19486
19496
19505
19521
19541
19568
19571
19583
19586
19605
19638
19640
19642
19650
19661
19680
19691
19696
19703
19704
19725
19726
19740
19784
19808
19810
19812
19833
19834
19839
19842
19850
19860
19867
19889
19917
19935
19940
19950
19998
20004
20014
20024
20038
20040
20041
20055
20070
20084
20086
20093
20099
20126
20141
20141
20163
20189
20193
20199
20254
20265
20273
20276
20289
20295
20306
20332
20359
20390
20403
20417
20419
20419
20419
20437
20447
20453
20464
20479
20505
20506
20529
20532
20533
20538
20547
20548
20556
20591
20616
20642
20645
20650
20652
20665
20679
20684
20686
20694
20720
20725
20740
20742
20745
20751
20756
20767
20776
20788
20817
20825
20827
20827
20832
20838
20846
20886
20902
20913
20914
20915
20922
20959
20965
20973
20974
20988
20997
21016
21045
21054
21061
21062
21093
21101
21112
21126
21127
21128
21132
21149
21178
21180
21184
21185
21189
21203
21205
21213
21255
21263
21264
21313
21329
21334
21336
21352
21357
21363
21364
21368
21373
21376
21395
21400
21411
21445
21455
21464
21480
21480
21490
21497
21508
21532
21534
21543
21546
21585
21624
21672
21675
21681
21701
21713
21729
21732
21779
21780
21816
21820
21840
21864
21873
21893
21899
21904
21915
21948
22013
22014
22017
22036
22055
22085
22109
22149
22156
22161
22173
22179
22186
22202
22206
22218
22221
22237
22251
22254
22264
22274
22294
22303
22325
22336
22336
22344
22355
22365
22367
22392
22412
22434
22441
22448
22471
22472
22486
22496
22498
22507
22508
22524
22526
22559
22612
22619
22622
22631
22643
22647
22649
22649
22666
22666
22668
22686
22692
22732
22751
22788
22805
22819
22822
22834
22840
22840
22848
22870
22881
22888
22897
22909
22922
22923
22929
22947
22947
22957
22975
22983
23004
23014
23018
23039
23046
23047
23048
23057
23079
23108
23116
23117
23150
23153
23156
23157
23163
23164
23177
23182
23256
23258
23260
23280
23294
23298
23301
23302
23320
23331
23331
23333
23338
23339
23344
23345
23347
23353
23353
23367
23373
23388
23389
23390
23395
23395
23411
23427
23429
23457
23468
23476
23491
23493
23500
23502
23515
23515
23516
23520
23521
23534
23538
23541
23564
23569
23581
23586
23593
23622
23639
23640
23657
23664
23665
23682
23685
23694
23724
23726
23740
23784
23796
23815
23841
23851
23858
23862
23862
23869
23875
23881
23899
23899
23926
23926
23970
23971
23987
23990
23991
23995
23996
23998
24028
24041
24043
24045
24053
24058
24073
24080
24159
24160
24168
24170
24175
24185
24207
24222
24225
24227
24230
24251
24252
24256
24268
24292
24293
24294
24296
24299
24355
24368
24369
24383
24384
24389
24392
24406
24414
24417
24459
24465
24469
24488
24496
24497
24503
24523
24547
24551
24561
24564
24590
24610
24686
24703
24711
24725
24733
24779
24790
24792
24792
24811
24833
24839
24841
24863
24868
24879
24901
24907
24922
24925
24927
24931
24932
24933
24936
24943
24977
25050
25051
25062
25069
25071
25093
25101
25110
25131
25133
25144
25159
25164
25175
25188
25198
25204
25205
25209
25210
25218
25225
25228
25291
25296
25297
25304
25313
25368
25370
25371
25372
25383
25384
25391
25400
25400
25411
25419
25429
25433
25447
25447
25481
25497
25500
25507
25517
25531
25568
25572
25587
25589
25606
25617
25622
25629
25648
25665
25688
25694
25713
25716
25737
25742
25747
25755
25803
25825
25844
25849
25860
25885
25888
25894
25904
25909
25929
25956
25972
26005
26022
26031
26077
26081
26081
26094
26102
26118
26119
26131
26152
26172
26182
26188
26207
26219
26222
26258
26271
26295
26350
26357
26357
26378
26419
26448
26484
26496
26507
26512
26516
26518
26518
26540
26542
26654
26656
26674
26677
26743
26749
26781
26781
26797
26826
26861
26876
26892
26892
26894
26916
26923
26924
26936
26937
26945
26955
26957
26959
26984
26992
27003
27028
27058
27065
27069
27071
27078
27112
27121
27123
27142
27144
27145
27151
27174
27211
27215
27247
27287
27303
27311
27317
27321
27349
27364
27388
27436
27437
27445
27449
27488
27500
27514
27515
27532
27573
27575
27606
27618
27665
27673
27675
27696
27707
27736
27758
27758
27777
27801
27830
27868
27878
27878
27923
27928
27933
27953
27974
28006
28010
28025
28037
28042
28042
28054
28059
28068
28071
28073
28074
28087
28097
28108
28121
28135
28142
28144
28168
28174
28196
28233
28241
28257
28267
28297
28310
28324
28326
28327
28329
28331
28332
28353
28355
28357
28367
28370
28382
28392
28398
28438
28439
28476
28482
28490
28506
28529
28557
28571
28575
28580
28587
28603
28630
28641
28643
28663
28669
28682
28689
28712
28738
28747
28748
28790
28790
28792
28794
28818
28822
28859
28893
28894
28926
28930
28933
28935
28941
28950
28961
28981
29003
29117
29129
29151
29170
29171
29187
29220
29241
29260
29276
29278
29287
29292
29304
29334
29368
29375
29397
29407
29461
29462
29485
29488
29505
29513
29531
29536
29565
29569
29578
29580
29589
29596
29630
29640
29665
29672
29692
29693
29706
29736
29750
29750
29754
29760
29762
29776
29781
29808
29819
29819
29823
29825
29828
29870
29876
29879
29887
29894
29907
29916
29922
29923
29923
29930
29936
29950
30005
30008
30018
30018
30035
30048
30054
30071
30113
30130
30174
30175
30191
30198
30207
30213
30228
30244
30250
30268
30274
30277
30297
30327
30335
30336
30338
30346
30352
30360
30373
30386
30387
30413
30423
30438
30440
30443
30472
30472
30486
30507
30526
30529
30531
30535
30537
30544
30601
30626
30627
30629
30633
30651
30680
30697
30709
30736
30738
30739
30750
30761
30764
30765
30771
30781
30794
30825
30828
30834
30884
30913
30916
30922
30928
30959
30965
30966
30972
30985
30994
31005
31007
31034
31036
31059
31073
31074
31089
31090
31099
31105
31105
31118
31118
31119
31125
31135
31142
31157
31166
31173
31181
31186
31192
31241
31253
31256
31269
31277
31278
31292
31298
31309
31316
31321
31322
31338
31353
31358
31361
31366
31384
31400
31401
31426
31441
31443
31469
31475
31482
31515
31526
31530
31532
31534
31536
31542
31547
31560
31582
31586
31587
31594
31615
31627
31633
31635
31649
31653
31679
31683
31703
31705
31706
31709
31716
31748
31749
31760
31771
31777
31791
31804
31806
31820
31826
31835
31837
31838
31841
31877
31879
31890
31903
31923
31926
31937
31942
31948
31958
31964
31965
31967
31973
31997
32024
32040
32056
32074
32074
32094
32099
32118
32135
32152
32152
32162
32179
32180
32201
32214
32217
32219
32243
32262
32264
32268
32276
32311
32317
32329
32347
32360
32365
32392
32399
32422
32426
32426
32472
32475
32476
32485
32494
32555
32571
32573
32579
32652
32659
32694
32720
32725
32730
32761

