38
38
40
65
105
167
179
179
182
191
192
193
233
241
282
289
293
293
295
306
344
353
404
418
419
422
423
430
431
441
460
465
484
488
513
526
531
557
588
602
610
613
617
621
624
632
638
665
665
667
672
677
691
715
736
757
763
765
782
789
795
802
811
823
833
834
840
851
875
877
899
921
955
960
961
984
1008
1024
1029
1031
1040
1045
1052
1059
1090
1120
1134
1135
1169
1176
1179
1180
1191
1222
1223
1265
1281
1314
1332
1349
1357
1363
1370
1374
1392
1400
1421
1425
1445
1447
1464
1465
1487
1490
1492
1495
1495
1497
1499
1501
1525
1541
1556
1563
1573
1577
1589
1591
1631
1637
1649
1650
1655
1657
1659
1661
1677
1678
1700
1706
1719
1744
1756
1761
1762
1788
1865
1873
1882
1886
1887
1888
1891
1891
1893
1894
1899
1903
1912
1912
1927
1933
1955
1962
1963
1977
1983
1988
1988
1996
2007
2029
2036
2052
2060
2072
2082
2092
2096
2106
2115
2120
2123
2134
2135
2137
2141
2144
2160
2199
2208
2229
2231
2262
2285
2290
2314
2331
2333
2345
2387
2394
2414
2419
2421
2425
2441
2452
2455
2470
2476
2485
2495
2503
2504
2535
2541
2542
2543
2553
2557
2579
2580
2589
2619
2624
2634
2639
2670
2683
2685
2687
2698
2698
2702
2709
2717
2729
2756
2772
2776
2778
2807
2812
2829
2832
2832
2836
2864
2893
2910
2928
2940
2951
2968
2976
2985
2992
2995
3008
3032
3037
3056
3070
3070
3074
3077
3092
3094
3103
3104
3108
3112
3137
3163
3176
3192
3224
3267
3292
3300
3303
3309
3317
3317
3344
3346
3352
3356
3372
3381
3383
3388
3390
3396
3425
3425
3443
3459
3465
3510
3518
3522
3526
3549
3578
3579
3584
3588
3593
3617
3646
3647
3682
3686
3688
3695
3706
3725
3745
3754
3755
3760
3770
3787
3796
3808
3816
3833
3850
3876
3883
3890
3892
3894
3911
3912
4018
4025
4040
4068
4083
4097
4133
4135
4148
4186
4187
4190
4207
4233
4258
4260
4266
4266
4296
4308
4320
4321
4338
4353
4353
4361
4388
4407
4407
4432
4470
4492
4493
4502
4510
4511
4523
4526
4528
4551
4590
4601
4613
4625
4638
4675
4698
4723
4733
4736
4738
4746
4747
4757
4757
4761
4763
4764
4774
4788
4792
4811
4833
4861
4866
4874
4898
4921
4923
4940
4973
4990
5001
5003
5005
5018
5029
5029
5033
5043
5043
5064
5078
5088
5111
5113
5119
5130
5135
5143
5150
5228
5255
5290
5312
5325
5344
5346
5349
5350
5368
5370
5379
5383
5426
5452
5454
5470
5477
5484
5533
5548
5599
5613
5618
5629
5667
5672
5693
5707
5719
5764
5773
5776
5798
5840
5859
5859
5869
5879
5904
5905
5920
5954
5959
5967
5981
5983
5997
6002
6007
6014
6028
6035
6057
6058
6065
6082
6088
6089
6094
6140
6195
6215
6230
6239
6241
6245
6254
6273
6278
6278
6279
6283
6301
6302
6333
6348
6350
6357
6359
6364
6371
6379
6384
6386
6393
6394
6396
6456
6479
6480
6489
6492
6531
6540
6542
6553
6571
6608
6616
6625
6634
6638
6651
6652
6668
6705
6758
6773
6779
6780
6817
6840
6843
6860
6899
6911
6923
6939
6945
6958
6965
6970
6977
6981
6999
7034
7042
7064
7092
7102
7117
7122
7128
7131
7140
7140
7153
7200
7209
7215
7244
7249
7254
7257
7258
7262
7266
7272
7291
7307
7321
7340
7354
7380
7396
7425
7425
7445
7465
7504
7524
7534
7550
7556
7563
7585
7615
7623
7665
7695
7697
7702
7717
7725
7731
7735
7745
7797
7807
7817
7821
7821
7830
7834
7847
7866
7866
7879
7896
7897
7906
7915
7920
7935
7935
7992
7996
7998
7999
8024
8067
8068
8071
8073
8094
8098
8106
8109
8111
8117
8124
8134
8136
8154
8156
8161
8162
8196
8201
8201
8209
8220
8237
8239
8252
8260
8277
8279
8284
8288
8292
8295
8307
8316
8326
8336
8377
8381
8428
8467
8470
8477
8482
8495
8502
8528
8539
8542
8544
8572
8585
8592
8622
8622
8640
8662
8664
8666
8669
8692
8698
8707
8711
8729
8766
8766
8815
8818
8829
8852
8856
8857
8863
8883
8884
8904
8915
8927
8957
8987
8991
8991
9010
9011
9021
9035
9059
9071
9079
9081
9093
9105
9139
9147
9149
9155
9170
9188
9198
9211
9265
9267
9306
9309
9314
9315
9330
9334
9347
9351
9374
9389
9423
9433
9461
9481
9484
9502
9520
9539
9567
9577
9585
9592
9599
9613
9617
9621
9638
9664
9665
9692
9739
9770
9805
9806
9810
9814
9819
9833
9855
9872
9878
9902
9912
9955
9969
9975
9983
9985
9986
10006
10012
10026
10062
10082
10085
10099
10107
10112
10125
10127
10129
10145
10155
10167
10171
10172
10178
10191
10193
10195
10210
10212
10215
10221
10228
10234
10249
10258
10284
10310
10322
10331
10334
10341
10350
10351
10356
10361
10374
10405
10405
10407
10439
10461
10468
10526
10529
10532
10534
10544
10550
10551
10576
10603
10632
10632
10634
10636
10657
10669
10674
10681
10688
10694
10696
10715
10731
10735
10748
10767
10775
10784
10786
10819
10821
10832
10863
10868
10873
10880
10881
10889
10893
10894
10896
10941
10953
10960
10969
10973
10979
10987
10991
11009
11012
11039
11043
11073
11096
11117
11128
11138
11170
11173
11200
11248
11256
11296
11326
11343
11353
11359
11366
11376
11384
11388
11388
11395
11404
11417
11417
11419
11435
11451
11451
11479
11542
11548
11550
11564
11588
11608
11619
11621
11629
11636
11651
11661
11676
11677
11688
11704
11722
11724
11731
11738
11791
11797
11798
11802
11813
11816
11818
11832
11855
11856
11864
11869
11876
11881
11884
11884
11899
11901
11903
11904
11909
11916
11923
11938
11948
11983
11990
12027
12049
12089
12117
12118
12120
12151
12166
12176
12193
12211
12217
12228
12230
12230
12240
12251
12259
12286
12299
12303
12350
12371
12393
12394
12438
12449
12450
12505
12515
12592
12594
12615
12619
12641
12703
12710
12718
12729
12735
12740
12817
12818
12827
12841
12850
12857
12870
12871
12876
12878
12901
12924
12931
12940
12946
12949
12955
12973
12979
12988
13014
13019
13043
13059
13062
13070
13075
13087
13106
13108
13150
13160
13162
13174
13193
13202
13222
13224
13239
13253
13257
13276
13321
13326
13331
13338
13351
13359
13387
13397
13436
13446
13455
13457
13494
13503
13506
13512
13517
13528
13548
13549
13553
13553
13559
13580
13592
13617
13621
13632
13644
13669
13682
13690
13712
13717
13726
13748
13756
13780
13787
13802
13807
13845
13845
13861
13883
13900
13908
13913
13913
13918
13930
13936
13941
13965
13971
13990
13998
14020
14039
14052
14071
14089
14100
14115
14136
14172
14177
14178
14193
14193
14198
14208
14209
14214
14235
14258
14285
14288
14293
14297
14309
14311
14320
14333
14341
14355
14357
14367
14368
14372
14378
14385
14447
14449
14466
14474
14487
14493
14520
14564
14567
14577
14587
14594
14612
14616
14644
14656
14658
14680
14695
14703
14707
14707
14709
14723
14728
14740
14749
14788
14804
14804
14814
14817
14819
14822
14825
14859
14861
14862
14870
14873
14873
14893
14906
14911
14926
14955
14959
14967
14968
14985
14990
15001
15041
15042
15056
15072
15086
15104
15126
15163
15181
15188
15197
15201
15212
15237
15246
15246
15247
15251
15254
15269
15273
15296
15296
15316
15336
15337
15378
15379
15383
15386
15389
15391
15393
15420
15428
15445
15446
15450
15451
15452
15458
15484
15485
15494
15504
15507
15515
15522
15524
15533
15534
15537
15541
15596
15606
15614
15650
15684
15700
15704
15715
15718
15722
15724
15742
15745
15756
15771
15777
15780
15810
15828
15838
15838
15852
15865
15881
15886
15888
15888
15888
15890
15899
15905
15909
15920
15962
15976
15982
16004
16004
16006
16053
16064
16071
16072
16073
16088
16096
16104
16110
16112
16115
16129
16137
16140
16159
16174
16222
16225
16230
16263
16313
16339
16343
16345
16367
16375
16384
16402
16402
16415
16454
16466
16481
16487
16494
16496
16497
16530
16538
16545
16548
16550
16570
16591
16597
16604
16606
16615
16621
16624
16640
16665
16714
16718
16737
16764
16809
16810
16811
16812
16815
16816
16819
16825
16826
16828
16884
16893
16923
16930
16946
16949
16958
16973
16999
17000
17016
17032
17035
17041
17049
17084
17094
17122
17126
17136
17146
17153
17154
17163
17214
17243
17258
17292
17305
17310
17325
17327
17329
17363
17378
17379
17379
17388
17396
17401
17405
17422
17422
17439
17441
17442
17456
17459
17475
17489
17499
17502
17507
17507
17516
17527
17531
17556
17558
17620
17624
17637
17642
17662
17664
17666
17672
17688
17697
17697
17709
17714
17719
17734
17751
17773
17777
17789
17797
17804
17812
17814
17852
17854
17873
17878
17891
17894
17905
17909
17929
17943
17946
17950
17981
17987
18007
18011
18025
18039
18049
18071
18079
18080
18088
18105
18114
18155
18169
18186
18211
18220
18224
18235
18241
18249
18255
18260
18271
18277
18280
18288
18314
18319
18336
18344
18372
18373
18382
18394
18408
18469
18474
18480
18494
18505
18549
18550
18551
18553
18562
18614
18627
18632
18633
18681
18729
18731
18731
18755
18756
18799
18802
18868
18879
18920
18936
18947
18952
18961
18981
18988
19014
19051
19059
19100
19113
19146
19162
19164
19165
19170
19177
19179
19189
19191
19202
19208
19219
19247
19265
19274
19329
19342
19346
19354
19360
19362
19376
19429
19429
19432
19448
19480
19489
19492
19511
19528
19547
19548
19570
19589
19593
19609
19617
19637
19642
19646
19651
19700
19706
19714
19717
19727
19727
19735
19773
19780
19801
19838
19842
19849
19860
19863
19865
19868
19873
19873
19902
19907
19908
19918
19937
19942
19963
19977
20021
20026
20034
20046
20074
20101
20102
20104
20119
20119
20127
20149
20172
20188
20192
20196
20235
20246
20248
20256
20294
20294
20300
20330
20337
20383
20395
20406
20420
20425
20448
20468
20472
20499
20502
20505
20506
20521
20525
20541
20542
20552
20575
20623
20630
20638
20645
20648
20675
20683
20686
20694
20699
20699
20713
20747
20749
20777
20781
20814
20824
20837
20857
20861
20861
20868
20871
20874
20892
20897
20916
20932
20934
20935
20969
20971
21025
21046
21068
21083
21092
21101
21102
21117
21143
21189
21209
21215
21216
21253
21296
21308
21312
21323
21327
21333
21335
21367
21382
21393
21420
21459
21481
21502
21503
21503
21504
21552
21555
21565
21566
21596
21603
21630
21639
21662
21663
21671
21690
21695
21729
21734
21752
21796
21797
21800
21808
21816
21828
21844
21852
21876
21884
21905
21907
21921
21934
21974
21977
21989
22028
22030
22038
22058
22071
22071
22074
22076
22082
22116
22125
22137
22140
22145
22159
22165
22197
22204
22207
22234
22246
22247
22250
22251
22256
22261
22261
22275
22288
22301
22316
22316
22320
22322
22325
22342
22342
22355
22386
22391
22391
22403
22409
22426
22437
22437
22461
22501
22531
22543
22556
22569
22573
22589
22604
22610
22620
22626
22629
22633
22641
22642
22663
22675
22688
22694
22725
22730
22735
22762
22801
22848
22873
22873
22888
22904
22914
22929
22932
22946
22957
22971
23000
23001
23003
23018
23027
23034
23046
23046
23060
23073
23081
23084
23097
23134
23143
23157
23169
23175
23220
23245
23248
23270
23283
23288
23302
23309
23318
23332
23369
23373
23386
23404
23416
23423
23427
23434
23440
23455
23486
23505
23506
23522
23560
23593
23608
23626
23629
23639
23639
23640
23643
23646
23659
23663
23690
23695
23712
23716
23717
23755
23759
23759
23794
23808
23836
23836
23836
23840
23869
23891
23896
23918
23922
23938
23947
23949
23979
23989
23990
24016
24027
24042
24049
24053
24067
24078
24091
24095
24117
24130
24132
24139
24144
24158
24174
24179
24206
24212
24236
24267
24278
24286
24288
24294
24309
24326
24327
24334
24358
24375
24376
24380
24390
24391
24394
24394
24429
24451
24460
24470
24475
24491
24494
24511
24520
24522
24535
24539
24541
24545
24558
24570
24572
24579
24594
24648
24649
24666
24683
24696
24697
24720
24732
24759
24763
24764
24767
24792
24801
24825
24825
24861
24887
24891
24901
24911
24932
24988
24993
25000
25003
25005
25015
25019
25021
25033
25069
25086
25092
25134
25172
25182
25184
25185
25203
25204
25206
25213
25231
25267
25271
25287
25287
25302
25310
25312
25334
25342
25357
25367
25370
25378
25401
25454
25464
25475
25478
25499
25519
25546
25547
25550
25555
25568
25581
25586
25626
25628
25661
25680
25680
25694
25696
25701
25714
25732
25742
25744
25745
25753
25759
25777
25778
25779
25800
25802
25829
25843
25847
25857
25875
25892
25898
25910
25920
25929
25929
25940
25942
25947
25959
25959
25979
25983
26040
26063
26067
26073
26077
26135
26141
26147
26153
26154
26177
26206
26211
26226
26228
26251
26257
26266
26275
26310
26323
26403
26409
26415
26427
26460
26466
26470
26487
26495
26501
26521
26548
26557
26568
26599
26605
26605
26618
26638
26666
26669
26707
26733
26750
26754
26762
26789
26801
26813
26828
26832
26839
26853
26862
26867
26867
26897
26907
26922
26931
26938
26940
26953
26964
26971
26973
26978
26987
27007
27021
27032
27035
27035
27050
27067
27070
27072
27072
27084
27096
27096
27125
27129
27153
27160
27165
27167
27251
27279
27285
27290
27294
27308
27369
27377
27398
27404
27413
27419
27437
27463
27466
27468
27497
27500
27514
27519
27523
27543
27558
27569
27569
27571
27571
27578
27609
27612
27619
27621
27645
27646
27679
27698
27722
27744
27745
27751
27787
27796
27798
27805
27807
27819
27823
27842
27854
27858
27873
27875
27906
27919
27947
27969
28020
28041
28043
28050
28061
28067
28078
28083
28089
28103
28104
28125
28125
28133
28145
28171
28188
28194
28203
28220
28236
28240
28251
28258
28270
28278
28286
28291
28330
28331
28332
28334
28368
28369
28376
28388
28396
28404
28413
28422
28436
28456
28466
28468
28471
28476
28477
28495
28501
28511
28515
28543
28551
28567
28580
28585
28586
28593
28595
28597
28609
28613
28613
28614
28628
28628
28630
28631
28670
28676
28680
28748
28753
28785
28796
28798
28805
28810
28848
28849
28851
28861
28884
28903
28909
28920
28927
28950
28955
28969
28974
28986
28987
28989
29005
29010
29020
29030
29034
29064
29066
29067
29079
29095
29100
29106
29107
29116
29118
29138
29144
29147
29171
29204
29220
29247
29251
29297
29298
29311
29317
29330
29332
29335
29355
29368
29387
29390
29399
29402
29402
29404
29421
29425
29428
29440
29440
29450
29452
29484
29485
29487
29500
29506
29543
29546
29558
29561
29580
29585
29592
29601
29613
29642
29652
29656
29666
29676
29679
29685
29706
29709
29718
29726
29749
29758
29762
29773
29780
29783
29789
29823
29831
29852
29855
29859
29869
29910
29915
29930
29937
29940
29944
29966
29997
30009
30025
30049
30063
30086
30088
30102
30105
30111
30113
30121
30163
30168
30174
30192
30200
30214
30242
30247
30254
30254
30280
30288
30308
30311
30312
30316
30323
30326
30340
30342
30364
30375
30382
30485
30494
30495
30510
30511
30518
30525
30566
30578
30590
30609
30611
30611
30620
30641
30652
30669
30682
30685
30693
30722
30724
30729
30773
30800
30802
30815
30860
30868
30870
30947
30979
30980
30986
30993
31011
31019
31028
31044
31044
31047
31048
31060
31063
31068
31096
31135
31136
31138
31146
31206
31243
31280
31287
31297
31302
31308
31319
31324
31340
31349
31358
31361
31363
31364
31432
31435
31443
31485
31499
31526
31579
31608
31612
31622
31629
31645
31648
31648
31653
31660
31670
31718
31726
31736
31736
31739
31745
31755
31792
31799
31814
31815
31835
31849
31853
31863
31867
31881
31905
31906
31946
31954
31980
31984
31997
32000
32012
32019
32033
32040
32041
32069
32072
32084
32088
32102
32136
32177
32178
32186
32201
32220
32250
32259
32282
32283
32295
32312
32358
32360
32365
32382
32397
32402
32413
32416
32431
32440
32446
32507
32531
32533
32536
32556
32558
32572
32593
32621
32631
32663
32672
32695
32700
32724
32727

