3
12
15
22
40
59
64
74
91
94
95
117
122
132
133
134
137
148
149
166
176
192
197
224
245
245
269
277
281
282
363
372
395
415
426
428
430
458
470
473
493
495
498
513
538
546
548
558
558
571
593
598
670
691
752
757
800
800
805
809
823
826
836
841
845
848
898
921
934
950
966
990
1000
1009
1014
1019
1022
1055
1072
1079
1080
1094
1102
1105
1106
1111
1113
1126
1137
1150
1183
1193
1229
1242
1269
1302
1314
1323
1337
1364
1381
1381
1416
1440
1459
1460
1478
1483
1488
1492
1524
1538
1551
1554
1569
1614
1625
1634
1640
1651
1676
1684
1705
1745
1775
1781
1783
1791
1792
1810
1829
1885
1901
1921
1931
1940
1988
1994
2006
2036
2036
2049
2055
2060
2066
2082
2084
2100
2132
2140
2153
2183
2188
2214
2218
2228
2240
2261
2277
2281
2338
2344
2356
2381
2384
2390
2413
2420
2423
2424
2438
2440
2473
2500
2517
2519
2522
2527
2527
2536
2538
2553
2561
2574
2590
2595
2604
2612
2613
2614
2621
2622
2642
2644
2667
2671
2672
2688
2706
2711
2725
2730
2732
2735
2736
2782
2787
2825
2825
2881
2892
2892
2904
2923
2945
2945
2964
2967
2993
3002
3049
3068
3091
3119
3124
3147
3151
3168
3180
3204
3215
3228
3233
3254
3270
3278
3287
3307
3341
3341
3342
3352
3363
3364
3398
3405
3419
3438
3444
3466
3474
3475
3494
3501
3503
3515
3521
3525
3529
3531
3547
3575
3577
3592
3598
3598
3610
3611
3612
3617
3644
3648
3654
3674
3683
3686
3697
3724
3737
3780
3798
3804
3813
3815
3818
3842
3853
3856
3857
3858
3878
3885
3885
3887
3898
4036
4047
4051
4071
4079
4099
4107
4108
4125
4167
4182
4186
4210
4221
4225
4253
4254
4255
4260
4315
4355
4355
4388
4395
4395
4429
4440
4468
4481
4488
4488
4513
4514
4604
4607
4656
4660
4683
4689
4691
4720
4742
4746
4761
4761
4766
4770
4796
4803
4827
4829
4847
4874
4910
4949
4952
4957
4967
5000
5024
5034
5040
5048
5051
5065
5079
5080
5094
5096
5098
5099
5116
5122
5128
5138
5147
5167
5167
5168
5205
5207
5208
5209
5211
5228
5238
5240
5249
5280
5285
5285
5286
5315
5344
5355
5372
5377
5407
5415
5426
5448
5456
5488
5492
5554
5557
5562
5566
5581
5588
5600
5604
5616
5638
5653
5660
5667
5671
5671
5684
5695
5697
5701
5711
5742
5791
5809
5813
5822
5884
5901
5928
5938
5950
5961
5989
6004
6014
6042
6042
6044
6053
6058
6059
6071
6077
6088
6102
6123
6139
6139
6149
6161
6200
6223
6228
6231
6248
6258
6304
6320
6328
6341
6355
6362
6370
6414
6417
6420
6422
6427
6429
6443
6450
6452
6452
6455
6465
6471
6484
6492
6494
6520
6528
6535
6538
6554
6561
6566
6566
6567
6585
6588
6595
6596
6621
6622
6622
6678
6682
6684
6687
6777
6817
6822
6834
6873
6889
6910
6919
6944
6976
6982
6987
7056
7067
7127
7135
7139
7149
7190
7192
7207
7217
7234
7239
7268
7268
7273
7291
7303
7316
7331
7332
7333
7337
7345
7350
7351
7395
7417
7418
7420
7422
7423
7424
7432
7433
7441
7446
7447
7453
7467
7473
7490
7546
7547
7586
7658
7660
7663
7669
7677
7697
7727
7737
7756
7784
7799
7801
7804
7855
7869
7874
7892
7932
7983
7999
8002
8009
8020
8032
8036
8044
8044
8052
8083
8098
8098
8110
8112
8113
8116
8131
8143
8157
8163
8167
8191
8210
8217
8218
8218
8223
8224
8239
8271
8306
8310
8333
8335
8396
8417
8421
8425
8427
8430
8438
8439
8442
8485
8495
8501
8504
8521
8548
8560
8574
8584
8611
8613
8617
8619
8627
8632
8634
8637
8676
8702
8713
8720
8726
8726
8739
8742
8752
8766
8774
8787
8790
8792
8803
8808
8811
8822
8826
8852
8864
8878
8904
8905
8927
8938
8956
8960
8968
8973
8990
8992
8999
9005
9014
9025
9043
9051
9068
9077
9077
9084
9089
9096
9112
9122
9152
9182
9188
9208
9215
9222
9224
9251
9252
9254
9254
9261
9262
9289
9308
9329
9334
9337
9344
9351
9401
9418
9420
9426
9433
9438
9447
9458
9458
9473
9512
9519
9588
9594
9598
9598
9617
9642
9643
9650
9652
9676
9700
9704
9705
9714
9735
9778
9779
9780
9815
9822
9847
9852
9854
9859
9875
9882
9890
9906
9906
9912
9939
9951
9958
9968
9968
9980
9980
9986
9988
10008
10034
10034
10038
10042
10072
10072
10073
10077
10081
10096
10106
10109
10109
10142
10146
10163
10172
10175
10177
10187
10188
10197
10198
10208
10209
10214
10215
10228
10233
10234
10249
10252
10273
10277
10290
10292
10322
10322
10346
10364
10394
10405
10412
10422
10424
10424
10433
10447
10460
10468
10474
10487
10500
10526
10541
10553
10558
10563
10571
10577
10591
10610
10617
10633
10637
10644
10651
10657
10657
10660
10661
10689
10741
10742
10765
10768
10792
10842
10849
10927
10928
10938
10942
10944
10988
10992
11011
11014
11038
11042
11044
11045
11045
11087
11110
11133
11148
11154
11165
11169
11175
11180
11193
11203
11227
11238
11263
11294
11304
11313
11324
11339
11351
11355
11365
11410
11416
11431
11446
11461
11481
11486
11506
11514
11517
11523
11525
11537
11546
11549
11555
11566
11587
11599
11605
11613
11615
11618
11623
11634
11636
11641
11657
11658
11672
11676
11696
11698
11727
11732
11746
11771
11837
11866
11889
11892
11894
11895
11910
11942
11948
11948
11950
11951
11966
11989
11994
11997
11997
12011
12044
12062
12083
12093
12098
12108
12112
12115
12117
12122
12126
12134
12139
12139
12144
12156
12167
12176
12185
12193
12216
12230
12234
12241
12243
12243
12245
12250
12251
12266
12283
12286
12293
12323
12325
12326
12354
12362
12366
12379
12382
12402
12405
12406
12408
12458
12469
12472
12476
12501
12501
12520
12552
12598
12613
12622
12629
12634
12657
12664
12675
12677
12706
12729
12735
12746
12764
12804
12806
12813
12824
12845
12869
12873
12889
12926
12972
12992
12998
13003
13004
13005
13014
13035
13041
13047
13056
13064
13064
13074
13075
13128
13149
13149
13164
13166
13166
13166
13180
13180
13181
13188
13190
13203
13203
13216
13222
13245
13256
13258
13275
13303
13319
13320
13332
13355
13355
13360
13360
13381
13396
13402
13446
13462
13476
13476
13477
13501
13504
13512
13514
13538
13544
13568
13577
13584
13584
13588
13615
13615
13618
13629
13635
13659
13666
13677
13679
13685
13686
13706
13715
13728
13729
13736
13737
13746
13783
13791
13832
13862
13898
13907
13917
13928
13937
13947
13956
13958
13981
13989
13999
13999
14001
14010
14037
14054
14057
14063
14073
14081
14088
14094
14097
14109
14111
14117
14129
14209
14222
14261
14261
14326
14330
14338
14354
14365
14366
14382
14408
14440
14462
14474
14475
14501
14520
14529
14547
14576
14592
14598
14601
14602
14607
14621
14628
14644
14645
14653
14656
14656
14660
14675
14677
14684
14741
14744
14763
14770
14770
14779
14809
14813
14813
14822
14841
14852
14856
14877
14889
14902
14910
14918
14932
14958
14963
14969
14977
14978
14979
14980
15001
15004
15012
15024
15037
15054
15059
15065
15067
15092
15099
15133
15146
15152
15154
15160
15194
15194
15219
15221
15234
15282
15286
15287
15293
15320
15320
15337
15348
15351
15369
15375
15378
15382
15400
15400
15417
15430
15451
15485
15523
15525
15534
15534
15576
15611
15614
15615
15626
15651
15665
15691
15707
15710
15718
15722
15727
15764
15782
15787
15814
15825
15861
15871
15884
15892
15921
15954
15960
15972
15993
16005
16008
16010
16031
16036
16053
16115
16135
16138
16140
16164
16168
16171
16181
16184
16196
16217
16230
16239
16240
16254
16266
16269
16275
16279
16283
16287
16288
16288
16291
16293
16312
16345
16345
16373
16377
16383
16387
16415
16418
16423
16425
16446
16454
16465
16480
16483
16486
16486
16506
16517
16520
16529
16547
16549
16554
16563
16563
16572
16580
16588
16600
16603
16610
16635
16657
16660
16664
16676
16677
16701
16703
16731
16734
16741
16746
16750
16767
16776
16779
16785
16793
16800
16810
16841
16841
16846
16854
16877
16903
16905
16912
16925
16930
16931
16932
16946
16947
16983
17033
17069
17071
17091
17107
17119
17129
17131
17143
17144
17146
17150
17163
17181
17238
17254
17256
17319
17337
17359
17365
17377
17380
17394
17398
17415
17426
17430
17463
17468
17485
17509
17522
17527
17530
17563
17571
17588
17661
17682
17683
17751
17765
17776
17778
17782
17799
17800
17830
17854
17874
17899
17908
17909
17927
17929
17945
17948
17959
17971
17981
17992
18007
18008
18021
18027
18075
18101
18105
18109
18112
18117
18122
18145
18146
18195
18196
18197
18228
18235
18243
18249
18255
18270
18274
18291
18292
18295
18301
18320
18324
18332
18337
18350
18356
18358
18364
18376
18380
18384
18389
18398
18399
18414
18420
18432
18484
18489
18498
18501
18502
18515
18520
18521
18543
18560
18562
18580
18599
18608
18608
18619
18626
18626
18626
18632
18649
18652
18654
18665
18668
18680
18688
18692
18701
18710
18713
18723
18737
18743
18749
18774
18777
18781
18801
18804
18817
18827
18837
18840
18841
18849
18853
18854
18855
18855
18862
18890
18919
18929
18932
18943
18994
18998
19008
19031
19032
19051
19078
19103
19117
19136
19148
19150
19164
19165
19172
19182
19277
19277
19290
19300
19327
19327
19331
19344
19348
19349
19352
19366
19391
19396
19410
19411
19416
19426
19428
19430
19433
19435
19444
19446
19452
19467
19470
19534
19540
19589
19610
19616
19617
19617
19627
19658
19667
19671
19684
19685
19701
19711
19712
19719
19721
19734
19738
19748
19754
19768
19770
19772
19781
19794
19800
19801
19803
19806
19811
19827
19859
19876
19891
19898
19899
19902
19920
19920
19923
19966
19967
19968
19979
19980
19986
19987
20001
20031
20033
20053
20062
20064
20068
20074
20085
20093
20099
20103
20103
20123
20131
20151
20163
20186
20187
20224
20224
20258
20259
20277
20304
20320
20362
20363
20366
20373
20390
20395
20403
20404
20412
20441
20443
20446
20448
20496
20511
20516
20526
20532
20566
20575
20577
20588
20599
20622
20643
20668
20675
20707
20714
20735
20735
20742
20754
20766
20769
20778
20803
20846
20853
20873
20876
20885
20923
20942
20970
21005
21006
21022
21030
21033
21037
21041
21058
21089
21112
21115
21115
21119
21126
21147
21148
21149
21150
21207
21218
21219
21237
21255
21268
21281
21286
21290
21300
21301
21307
21332
21339
21342
21378
21378
21392
21420
21439
21446
21452
21452
21458
21465
21481
21531
21538
21562
21569
21572
21575
21594
21617
21643
21651
21652
21654
21666
21667
21673
21676
21684
21690
21703
21733
21748
21749
21758
21763
21771
21787
21819
21834
21851
21868
21889
21900
21927
21942
21956
21962
21979
22001
22042
22046
22052
22072
22079
22085
22100
22103
22124
22146
22159
22163
22170
22215
22225
22236
22286
22306
22358
22362
22365
22413
22421
22425
22443
22492
22507
22519
22525
22533
22535
22551
22562
22562
22577
22618
22626
22633
22638
22641
22642
22663
22667
22669
22672
22677
22680
22703
22710
22719
22728
22758
22778
22778
22791
22804
22819
22825
22827
22847
22859
22868
22875
22890
22897
22900
22948
22962
22962
22967
22974
23007
23045
23049
23056
23077
23078
23096
23099
23110
23117
23128
23133
23167
23179
23180
23194
23248
23269
23270
23272
23275
23281
23314
23350
23351
23357
23382
23390
23411
23415
23426
23429
23446
23454
23486
23487
23520
23575
23593
23607
23609
23665
23671
23675
23676
23683
23706
23718
23722
23729
23733
23734
23758
23772
23783
23785
23790
23797
23808
23817
23868
23873
23875
23912
23914
23948
23957
23974
24006
24007
24021
24075
24088
24098
24109
24162
24163
24181
24195
24219
24239
24251
24274
24308
24313
24322
24325
24336
24339
24347
24378
24398
24409
24410
24413
24418
24419
24435
24444
24453
24453
24488
24502
24512
24525
24554
24563
24570
24592
24593
24615
24616
24618
24622
24629
24631
24641
24664
24682
24694
24702
24706
24728
24731
24736
24748
24765
24767
24774
24799
24802
24805
24822
24822
24851
24853
24853
24859
24886
24892
24930
24940
24948
24963
24965
24971
24980
24982
25019
25021
25035
25054
25062
25114
25120
25122
25136
25195
25202
25211
25221
25246
25249
25249
25263
25304
25333
25342
25345
25365
25397
25400
25411
25413
25414
25425
25442
25451
25460
25461
25491
25512
25529
25585
25585
25595
25599
25600
25617
25660
25665
25685
25695
25700
25707
25731
25745
25745
25755
25756
25758
25768
25822
25826
25845
25860
25882
25886
25914
25939
25944
25947
25951
25969
25973
26006
26007
26007
26008
26024
26029
26068
26077
26092
26113
26115
26131
26150
26170
26173
26180
26189
26204
26223
26234
26244
26245
26275
26275
26276
26286
26305
26307
26311
26328
26330
26339
26339
26342
26366
26376
26384
26419
26433
26469
26474
26479
26487
26492
26502
26502
26530
26536
26567
26576
26600
26644
26653
26653
26675
26700
26721
26727
26728
26751
26758
26759
26769
26778
26809
26852
26872
26900
26915
26930
26940
26983
26998
27035
27065
27074
27086
27086
27090
27102
27117
27123
27123
27152
27157
27179
27184
27186
27227
27242
27258
27267
27269
27282
27295
27297
27305
27357
27360
27369
27384
27408
27423
27424
27428
27435
27473
27477
27478
27479
27501
27509
27526
27540
27560
27620
27622
27627
27629
27631
27637
27670
27696
27701
27715
27717
27723
27761
27768
27787
27806
27809
27845
27856
27867
27879
27897
27950
27958
27960
27963
27970
27990
28031
28040
28053
28057
28059
28070
28075
28080
28087
28090
28096
28106
28129
28138
28148
28160
28206
28232
28273
28277
28279
28284
28299
28301
28303
28307
28319
28346
28386
28443
28454
28483
28490
28502
28503
28515
28519
28520
28528
28533
28536
28541
28576
28583
28605
28609
28633
28640
28643
28663
28667
28680
28701
28706
28709
28712
28731
28732
28746
28753
28813
28816
28830
28832
28848
28859
28880
28890
28899
28909
28923
28937
28940
28941
28946
28946
28951
28954
28962
28964
28992
29005
29056
29061
29066
29088
29092
29107
29155
29183
29210
29222
29232
29236
29241
29267
29267
29272
29278
29279
29294
29306
29313
29340
29347
29356
29363
29366
29376
29378
29399
29407
29425
29434
29455
29470
29484
29490
29495
29505
29530
29532
29558
29574
29585
29600
29646
29662
29664
29667
29691
29705
29721
29753
29765
29771
29785
29807
29810
29814
29822
29828
29831
29838
29852
29852
29885
29887
29888
29977
29994
30002
30063
30075
30113
30115
30125
30131
30132
30140
30147
30179
30180
30185
30194
30232
30260
30320
30327
30327
30328
30342
30346
30347
30355
30367
30379
30385
30395
30397
30407
30411
30417
30418
30420
30450
30452
30473
30480
30490
30520
30521
30536
30537
30542
30543
30554
30573
30575
30588
30590
30592
30605
30609
30626
30627
30641
30654
30659
30666
30671
30685
30720
30721
30735
30751
30763
30774
30786
30803
30822
30828
30831
30831
30845
30850
30854
30870
30872
30878
30899
30918
30919
30926
30952
30954
30961
30969
30981
30986
30998
31013
31013
31019
31028
31031
31056
31062
31068
31072
31082
31084
31093
31116
31129
31137
31159
31168
31170
31178
31184
31198
31204
31208
31212
31217
31222
31235
31245
31253
31256
31260
31280
31285
31302
31309
31334
31347
31368
31370
31388
31407
31413
31415
31429
31450
31451
31452
31459
31464
31475
31475
31484
31519
31520
31536
31537
31542
31549
31563
31568
31568
31573
31574
31585
31596
31645
31657
31660
31667
31671
31678
31704
31711
31737
31743
31793
31801
31813
31829
31860
31876
31897
31907
31922
31952
31952
31975
32002
32013
32057
32064
32070
32077
32084
32091
32121
32128
32128
32149
32154
32159
32167
32179
32187
32195
32210
32223
32229
32274
32288
32292
32305
32306
32306
32308
32312
32317
32326
32332
32345
32378
32385
32386
32394
32395
32413
32428
32447
32456
32499
32500
32584
32584
32614
32639
32651
32676
32697
32717
32719
32748
32750
32759

