9
67
74
93
101
105
109
111
113
116
126
132
154
160
167
181
210
234
235
246
265
266
266
275
286
303
313
344
360
368
428
438
533
547
550
588
590
606
610
614
622
632
682
691
707
709
711
722
728
729
735
744
745
757
761
762
767
794
795
796
802
806
857
864
866
883
925
936
938
943
947
972
975
1021
1025
1046
1060
1068
1081
1089
1089
1090
1105
1123
1164
1190
1208
1216
1239
1242
1253
1307
1324
1357
1366
1377
1380
1397
1400
1408
1409
1432
1440
1482
1488
1505
1521
1529
1530
1549
1566
1569
1574
1583
1589
1602
1610
1611
1621
1628
1653
1659
1673
1675
1683
1703
1758
1761
1768
1782
1814
1821
1823
1824
1862
1867
1884
1893
1916
1916
1922
1926
1953
1959
1964
1967
1976
1979
2003
2007
2019
2032
2048
2066
2084
2091
2098
2101
2103
2105
2110
2123
2124
2137
2144
2151
2158
2169
2182
2190
2217
2226
2228
2235
2245
2278
2290
2311
2317
2327
2327
2376
2385
2391
2397
2400
2411
2420
2422
2427
2429
2455
2467
2490
2499
2500
2501
2537
2541
2547
2547
2549
2550
2558
2563
2590
2625
2640
2649
2656
2665
2675
2704
2705
2706
2717
2719
2764
2787
2802
2806
2811
2821
2831
2856
2856
2884
2908
2918
2935
2957
2961
2962
2968
2972
2974
2986
2993
3003
3031
3041
3047
3050
3057
3058
3062
3092
3104
3120
3123
3141
3147
3179
3219
3222
3227
3244
3265
3305
3317
3332
3352
3363
3365
3366
3379
3397
3443
3458
3458
3465
3480
3486
3518
3546
3564
3566
3570
3580
3583
3612
3614
3618
3635
3653
3657
3682
3692
3701
3711
3722
3724
3731
3733
3743
3749
3750
3759
3779
3784
3793
3806
3827
3858
3860
3864
3869
3884
3890
3904
3914
3928
3968
3985
3993
4003
4013
4015
4019
4021
4024
4062
4086
4089
4111
4163
4166
4173
4186
4206
4256
4258
4261
4266
4271
4286
4288
4301
4308
4314
4324
4324
4326
4326
4339
4342
4371
4379
4393
4398
4418
4419
4430
4447
4452
4460
4469
4473
4499
4511
4521
4524
4527
4531
4534
4548
4554
4575
4578
4578
4583
4596
4607
4636
4646
4666
4671
4675
4677
4700
4702
4712
4714
4734
4735
4738
4738
4742
4747
4761
4780
4793
4801
4805
4817
4820
4873
4885
4886
4911
4912
4924
4933
4940
4972
4989
4997
4998
5015
5023
5031
5063
5065
5145
5163
5170
5171
5174
5188
5191
5201
5240
5240
5245
5246
5254
5271
5335
5357
5382
5384
5396
5424
5429
5438
5508
5530
5542
5553
5553
5567
5578
5604
5612
5622
5655
5661
5690
5702
5707
5719
5733
5736
5758
5762
5764
5773
5779
5823
5857
5862
5864
5888
5910
5929
5943
5969
5971
5993
5995
5997
6022
6045
6069
6082
6088
6100
6123
6124
6155
6163
6170
6180
6194
6204
6248
6255
6257
6291
6324
6325
6336
6340
6352
6358
6360
6361
6361
6382
6382
6385
6395
6403
6409
6410
6437
6463
6471
6472
6476
6503
6535
6552
6572
6584
6587
6600
6612
6627
6636
6676
6682
6698
6718
6723
6726
6726
6740
6750
6812
6844
6845
6859
6884
6891
6899
6901
6918
6919
6931
6952
6952
6956
6959
6972
7016
7023
7038
7043
7055
7062
7062
7087
7123
7132
7157
7172
7173
7201
7219
7236
7236
7243
7244
7255
7261
7269
7287
7297
7299
7303
7322
7332
7334
7347
7357
7383
7391
7404
7445
7452
7465
7470
7494
7494
7503
7504
7519
7539
7540
7551
7551
7564
7571
7571
7572
7580
7594
7596
7608
7629
7652
7659
7660
7660
7666
7670
7688
7690
7705
7711
7713
7726
7739
7743
7758
7778
7818
7822
7833
7844
7844
7866
7881
7887
7888
7888
7889
7889
7894
7895
7900
7906
7914
7919
7923
7965
7970
7974
7993
7996
8013
8017
8021
8024
8034
8038
8047
8050
8058
8059
8074
8077
8086
8089
8111
8116
8152
8153
8155
8211
8247
8250
8250
8252
8252
8257
8295
8307
8330
8339
8343
8360
8367
8374
8395
8405
8406
8409
8429
8436
8446
8464
8475
8482
8536
8538
8544
8548
8556
8581
8605
8614
8616
8616
8636
8640
8653
8665
8677
8691
8701
8727
8734
8751
8754
8760
8771
8775
8792
8796
8798
8842
8870
8871
8876
8877
8889
8906
8945
8956
8959
8979
8983
8984
9011
9014
9036
9042
9054
9079
9089
9093
9101
9104
9117
9118
9128
9148
9158
9163
9170
9202
9233
9241
9250
9278
9310
9313
9316
9317
9322
9331
9347
9361
9369
9379
9380
9395
9400
9404
9408
9413
9415
9437
9455
9456
9462
9466
9467
9485
9485
9490
9496
9502
9505
9542
9545
9561
9639
9642
9656
9705
9710
9718
9730
9732
9738
9752
9752
9754
9768
9772
9783
9784
9796
9814
9815
9820
9822
9822
9831
9832
9844
9870
9893
9898
9903
9907
9946
9967
9977
9980
9999
10014
10017
10032
10037
10040
10050
10077
10092
10094
10098
10135
10156
10168
10234
10238
10258
10265
10276
10284
10300
10300
10301
10303
10333
10342
10346
10346
10357
10367
10391
10399
10416
10480
10488
10522
10526
10535
10537
10555
10574
10609
10614
10619
10663
10669
10678
10682
10693
10696
10706
10743
10746
10766
10769
10771
10778
10779
10781
10787
10800
10806
10812
10812
10850
10853
10854
10858
10877
10888
10890
10933
10945
10960
10969
10971
10974
10984
10993
11001
11002
11023
11026
11047
11087
11132
11140
11175
11181
11182
11215
11223
11232
11298
11321
11323
11325
11331
11356
11359
11395
11399
11408
11419
11422
11425
11428
11448
11455
11467
11479
11492
11518
11519
11561
11609
11613
11622
11625
11633
11644
11652
11655
11679
11687
11691
11701
11705
11764
11817
11851
11867
11876
11878
11886
11900
11906
11907
11919
11937
11967
11976
11979
11997
12000
12001
12010
12012
12032
12042
12045
12072
12072
12077
12099
12102
12108
12108
12110
12112
12127
12129
12132
12157
12165
12176
12179
12185
12200
12232
12232
12239
12248
12250
12250
12250
12267
12275
12280
12306
12312
12324
12332
12365
12384
12413
12427
12436
12467
12477
12497
12542
12559
12574
12579
12581
12586
12588
12588
12640
12669
12676
12683
12688
12711
12712
12713
12734
12750
12753
12832
12836
12864
12875
12879
12898
12922
12960
12966
12988
12989
12996
12997
13002
13017
13019
13021
13028
13045
13049
13060
13092
13093
13094
13108
13130
13131
13134
13144
13164
13183
13192
13199
13202
13224
13244
13256
13284
13289
13293
13304
13309
13314
13326
13351
13364
13386
13399
13405
13416
13437
13442
13445
13451
13478
13535
13546
13547
13551
13565
13579
13598
13598
13610
13627
13648
13668
13700
13711
13716
13723
13729
13743
13750
13753
13754
13776
13805
13806
13828
13832
13839
13851
13936
13956
13981
13987
13996
14007
14016
14017
14019
14043
14048
14052
14117
14130
14132
14139
14146
14167
14170
14170
14188
14201
14205
14217
14232
14237
14237
14237
14265
14266
14273
14296
14303
14313
14315
14328
14330
14343
14367
14370
14387
14420
14456
14494
14511
14512
14528
14534
14546
14565
14566
14629
14636
14639
14645
14674
14677
14683
14693
14694
14695
14718
14720
14739
14778
14783
14799
14809
14810
14821
14844
14847
14849
14852
14857
14869
14880
14884
14891
14896
14897
14899
14904
14906
14906
14910
14935
14952
14956
14968
14971
14975
15008
15040
15040
15040
15044
15047
15061
15063
15077
15095
15117
15129
15139
15176
15177
15228
15233
15237
15250
15261
15263
15311
15316
15328
15332
15332
15350
15353
15353
15383
15384
15389
15403
15407
15431
15443
15455
15476
15495
15531
15573
15606
15624
15638
15670
15678
15710
15716
15716
15718
15745
15804
15810
15814
15823
15834
15845
15876
15881
15885
15894
15917
15930
15930
15945
15953
15954
15956
15986
16005
16017
16025
16075
16082
16098
16108
16114
16139
16151
16160
16173
16179
16199
16205
16223
16242
16248
16251
16278
16306
16311
16333
16357
16359
16359
16369
16378
16384
16413
16420
16425
16473
16506
16507
16508
16509
16514
16515
16543
16548
16586
16604
16608
16615
16640
16676
16682
16684
16685
16692
16702
16703
16721
16724
16726
16738
16754
16807
16832
16843
16851
16867
16893
16896
16900
16904
16935
16935
16937
16948
16957
17000
17027
17046
17047
17073
17074
17090
17103
17138
17145
17145
17155
17169
17177
17178
17197
17198
17242
17252
17279
17279
17290
17319
17321
17329
17346
17396
17459
17465
17483
17491
17502
17509
17534
17552
17554
17573
17600
17655
17660
17683
17688
17692
17707
17707
17723
17755
17799
17817
17843
17886
17887
17905
17907
17913
17926
17930
17937
17959
17967
17975
17982
17995
18015
18019
18022
18040
18044
18061
18095
18101
18138
18154
18162
18175
18193
18201
18211
18226
18249
18255
18264
18287
18301
18319
18321
18333
18340
18383
18393
18407
18409
18412
18419
18433
18462
18477
18480
18481
18481
18485
18495
18520
18540
18544
18551
18565
18588
18602
18617
18632
18633
18637
18638
18658
18701
18707
18708
18710
18717
18736
18753
18759
18786
18799
18833
18841
18855
18864
18888
18889
18918
18935
18967
19027
19072
19082
19102
19111
19125
19140
19145
19147
19149
19155
19156
19184
19190
19204
19205
19215
19221
19234
19236
19238
19296
19301
19301
19331
19333
19351
19358
19359
19366
19389
19397
19398
19402
19442
19451
19454
19494
19500
19507
19518
19522
19523
19529
19561
19571
19589
19604
19610
19633
19638
19656
19666
19676
19692
19710
19728
19729
19747
19749
19753
19774
19807
19826
19830
19895
19904
19912
19914
19922
19923
19929
19937
19938
19978
19989
20011
20072
20113
20120
20124
20127
20142
20152
20160
20164
20171
20185
20194
20195
20203
20208
20214
20216
20220
20225
20245
20262
20264
20286
20298
20312
20354
20354
20368
20375
20380
20382
20420
20434
20461
20472
20494
20510
20521
20560
20563
20642
20675
20687
20708
20716
20725
20739
20741
20743
20747
20748
20752
20773
20784
20789
20802
20813
20815
20818
20840
20846
20865
20868
20914
20924
20940
20944
20947
20948
20980
20986
20988
20994
20994
20994
20997
21006
21015
21049
21080
21096
21098
21104
21128
21131
21143
21153
21160
21169
21180
21182
21188
21201
21234
21274
21282
21285
21291
21294
21302
21314
21320
21343
21362
21374
21383
21400
21409
21430
21441
21443
21462
21464
21547
21562
21565
21572
21603
21608
21619
21626
21638
21639
21642
21670
21715
21724
21742
21765
21765
21785
21793
21849
21850
21856
21858
21872
21874
21899
21908
21908
21928
21934
21960
21962
21973
21988
21991
21995
22004
22021
22031
22035
22043
22047
22048
22060
22071
22081
22119
22130
22199
22205
22233
22235
22279
22310
22314
22342
22350
22352
22374
22383
22423
22427
22445
22455
22455
22470
22480
22496
22496
22496
22503
22508
22562
22580
22593
22601
22626
22627
22648
22658
22664
22666
22706
22714
22738
22745
22750
22751
22759
22761
22776
22785
22791
22798
22800
22809
22810
22825
22829
22833
22839
22847
22855
22863
22867
22876
22879
22881
22885
22891
22893
22895
22923
22933
22934
22945
22984
22991
23005
23007
23038
23041
23077
23101
23126
23132
23141
23164
23177
23180
23182
23184
23192
23194
23195
23209
23231
23260
23261
23266
23298
23299
23307
23328
23330
23331
23343
23355
23409
23410
23420
23432
23432
23440
23451
23467
23481
23484
23513
23550
23553
23617
23643
23649
23665
23695
23696
23704
23711
23728
23741
23746
23772
23774
23778
23779
23790
23793
23825
23840
23856
23865
23879
23898
23908
23927
23934
23942
23965
23967
23970
23973
23977
23982
24014
24029
24044
24072
24075
24078
24093
24125
24128
24145
24146
24170
24177
24179
24180
24181
24191
24197
24200
24227
24228
24230
24241
24242
24257
24259
24260
24282
24304
24308
24323
24344
24348
24363
24368
24374
24398
24424
24455
24457
24487
24515
24518
24519
24528
24554
24561
24566
24578
24591
24622
24630
24632
24647
24659
24659
24668
24687
24694
24694
24697
24703
24713
24726
24732
24746
24747
24771
24781
24796
24799
24801
24817
24825
24832
24835
24840
24867
24887
24921
24932
24933
24955
24966
24973
24980
24995
25007
25008
25020
25029
25030
25042
25043
25061
25063
25067
25088
25088
25113
25114
25143
25175
25179
25201
25251
25263
25270
25276
25276
25286
25295
25297
25305
25347
25351
25364
25367
25372
25406
25408
25429
25438
25442
25447
25458
25475
25481
25486
25495
25498
25503
25506
25510
25512
25547
25592
25599
25601
25601
25625
25646
25652
25664
25701
25710
25724
25740
25766
25772
25773
25784
25792
25803
25849
25855
25862
25862
25864
25867
25871
25892
25915
25916
25930
25935
25947
25947
25956
25956
25968
25980
25980
25993
26018
26028
26035
26050
26054
26077
26084
26088
26094
26100
26117
26144
26149
26188
26190
26197
26276
26287
26299
26314
26325
26334
26385
26416
26426
26434
26435
26439
26483
26492
26508
26508
26508
26511
26526
26530
26533
26537
26573
26605
26616
26637
26647
26683
26706
26712
26732
26740
26740
26757
26766
26781
26804
26812
26822
26839
26853
26864
26893
26894
26898
26944
26945
26981
26997
26997
27017
27027
27060
27064
27118
27159
27167
27172
27191
27197
27221
27223
27248
27254
27263
27265
27272
27288
27291
27296
27301
27304
27309
27313
27314
27331
27366
27414
27426
27428
27436
27456
27471
27476
27478
27507
27532
27537
27537
27554
27587
27597
27622
27632
27639
27647
27663
27668
27668
27704
27707
27712
27717
27719
27732
27738
27739
27739
27742
27745
27754
27785
27785
27788
27797
27802
27807
27813
27824
27829
27832
27839
27848
27853
27863
27868
27884
27900
27935
27944
27944
27947
27959
27970
28019
28044
28058
28067
28067
28070
28073
28073
28107
28109
28112
28123
28141
28144
28164
28180
28199
28200
28216
28219
28225
28251
28262
28325
28329
28330
28349
28362
28366
28377
28396
28398
28406
28409
28415
28436
28452
28465
28466
28494
28497
28501
28534
28549
28554
28559
28591
28596
28601
28602
28602
28610
28616
28644
28649
28650
28715
28719
28742
28783
28786
28792
28831
28875
28884
28891
28894
28905
28924
28946
28969
28993
29013
29021
29025
29032
29058
29068
29081
29113
29123
29125
29152
29169
29171
29178
29203
29211
29257
29286
29289
29290
29315
29319
29323
29328
29346
29390
29414
29484
29485
29486
29489
29537
29547
29558
29565
29566
29566
29579
29585
29613
29614
29621
29625
29635
29645
29663
29685
29704
29717
29742
29743
29745
29754
29762
29767
29790
29792
29796
29803
29805
29828
29832
29854
29855
29859
29860
29869
29877
29877
29898
29905
29927
29952
29958
29962
29967
29967
29970
29970
29981
29990
30020
30025
30027
30030
30040
30048
30102
30117
30121
30122
30123
30126
30141
30181
30196
30200
30212
30215
30215
30220
30222
30252
30275
30280
30306
30327
30359
30381
30408
30418
30467
30468
30473
30474
30477
30496
30501
30543
30548
30560
30598
30611
30619
30623
30634
30638
30660
30678
30749
30772
30790
30806
30826
30913
30916
30937
30943
30945
30954
30976
30988
30997
30999
31002
31010
31022
31030
31031
31044
31063
31071
31073
31089
31093
31094
31131
31133
31137
31138
31145
31151
31154
31183
31192
31206
31217
31237
31241
31244
31261
31266
31267
31276
31286
31322
31341
31355
31363
31373
31376
31376
31376
31391
31408
31415
31415
31433
31447
31457
31479
31480
31541
31574
31575
31582
31586
31589
31609
31618
31628
31634
31648
31661
31703
31709
31735
31737
31759
31767
31771
31782
31792
31802
31827
31856
31859
31867
31885
31893
31906
31907
31910
31911
31927
31937
31939
31943
31948
31949
31959
31959
31964
31971
31992
32000
32009
32012
32012
32033
32045
32049
32055
32059
32060
32060
32061
32072
32110
32139
32142
32145
32202
32203
32207
32212
32221
32226
32238
32252
32252
32260
32266
32280
32314
32315
32329
32332
32376
32411
32413
32416
32421
32445
32461
32482
32496
32497
32515
32515
32516
32526
32531
32538
32548
32548
32557
32563
32564
32568
32598
32608
32609
32637
32643
32653
32663
32665
32665
32676
32695
32725
32733
32741
32741
32762
32767

