48
68
79
83
98
114
129
133
164
165
170
173
183
189
189
235
236
239
253
277
289
293
350
419
427
428
436
442
465
476
479
522
527
542
548
558
559
574
578
582
586
592
605
612
616
616
626
633
647
650
701
704
727
738
749
755
756
787
827
840
843
858
880
914
921
923
928
943
961
966
969
983
1010
1016
1021
1024
1058
1064
1094
1102
1105
1144
1158
1186
1191
1199
1201
1204
1207
1208
1240
1249
1260
1266
1274
1304
1309
1322
1328
1332
1346
1376
1393
1399
1408
1434
1457
1471
1487
1491
1513
1513
1513
1523
1527
1540
1547
1588
1595
1616
1628
1643
1645
1678
1678
1679
1684
1691
1703
1737
1740
1743
1753
1766
1798
1828
1828
1860
1880
1893
1893
1896
1916
1919
1923
1942
1965
1969
1978
1981
2017
2051
2101
2107
2112
2130
2153
2177
2178
2189
2204
2219
2228
2228
2235
2243
2271
2288
2312
2318
2342
2350
2358
2427
2427
2434
2453
2459
2487
2495
2508
2571
2577
2592
2608
2609
2614
2628
2633
2640
2643
2650
2680
2681
2681
2704
2711
2729
2745
2748
2757
2792
2807
2810
2835
2864
2878
2879
2916
2919
2919
2924
2946
2955
2964
2988
2997
3017
3032
3039
3049
3051
3052
3059
3062
3063
3083
3112
3137
3143
3159
3171
3191
3198
3206
3213
3219
3231
3243
3265
3274
3315
3318
3345
3349
3361
3368
3371
3397
3397
3397
3413
3420
3434
3439
3458
3477
3481
3486
3493
3497
3529
3547
3559
3598
3601
3602
3610
3623
3626
3632
3653
3737
3745
3756
3764
3774
3781
3793
3801
3810
3811
3829
3835
3849
3851
3870
3872
3886
3895
3903
3905
3906
3909
3916
3947
3959
3964
3977
3979
3991
3994
4009
4016
4047
4053
4055
4077
4081
4087
4099
4149
4163
4177
4179
4188
4190
4196
4207
4220
4221
4229
4234
4236
4243
4281
4297
4298
4299
4303
4312
4317
4358
4363
4386
4392
4409
4418
4419
4443
4448
4460
4489
4511
4518
4523
4528
4619
4629
4632
4633
4678
4692
4706
4710
4716
4729
4740
4746
4747
4758
4769
4778
4785
4800
4826
4834
4849
4850
4852
4877
4878
4883
4883
4887
4913
4919
4947
4961
5005
5016
5061
5076
5083
5091
5102
5118
5119
5149
5150
5258
5267
5294
5298
5298
5328
5335
5354
5370
5372
5390
5399
5432
5444
5464
5475
5504
5512
5521
5532
5557
5561
5565
5575
5577
5605
5633
5645
5650
5658
5670
5673
5699
5703
5722
5732
5757
5757
5759
5794
5815
5825
5837
5857
5866
5873
5889
5903
5913
5921
5932
5942
5944
5949
5950
5953
5957
5991
6011
6074
6077
6077
6078
6080
6082
6092
6096
6111
6145
6182
6213
6242
6246
6256
6274
6298
6302
6305
6316
6330
6336
6356
6363
6389
6390
6397
6407
6463
6468
6472
6474
6510
6516
6523
6538
6539
6539
6539
6575
6578
6626
6632
6649
6666
6710
6737
6751
6768
6782
6790
6816
6833
6854
6857
6862
6863
6891
6896
6912
6952
7032
7052
7064
7072
7122
7128
7136
7156
7189
7200
7208
7215
7260
7282
7287
7294
7317
7327
7332
7334
7345
7423
7430
7434
7454
7457
7458
7469
7477
7480
7485
7485
7495
7508
7542
7547
7547
7564
7593
7619
7619
7661
7682
7693
7700
7714
7735
7748
7763
7787
7811
7822
7830
7842
7851
7859
7859
7864
7865
7909
7910
7915
7916
7917
7918
7923
7954
7960
7963
7977
7998
8008
8011
8013
8018
8023
8036
8041
8048
8052
8059
8074
8075
8101
8114
8120
8123
8125
8130
8152
8153
8170
8172
8193
8201
8221
8232
8258
8301
8315
8317
8320
8323
8324
8332
8336
8341
8355
8363
8406
8420
8423
8424
8430
8453
8475
8478
8503
8503
8505
8524
8525
8558
8574
8579
8624
8629
8641
8706
8707
8722
8734
8765
8767
8769
8791
8820
8846
8851
8874
8876
8883
8883
8886
8895
8911
8941
8950
8954
8970
8999
9017
9019
9023
9024
9056
9061
9063
9068
9074
9087
9103
9112
9132
9137
9151
9153
9159
9169
9182
9211
9222
9223
9224
9231
9232
9260
9266
9278
9282
9308
9311
9313
9318
9318
9318
9326
9331
9335
9356
9366
9377
9391
9403
9418
9423
9457
9459
9465
9478
9482
9500
9515
9526
9533
9534
9538
9542
9555
9575
9585
9597
9608
9618
9626
9627
9634
9640
9699
9709
9724
9734
9753
9767
9791
9803
9822
9833
9838
9886
9893
9897
9915
9937
9963
9970
9974
9977
9980
9996
9997
9998
10010
10014
10025
10036
10040
10046
10089
10118
10131
10137
10145
10148
10155
10166
10191
10226
10227
10250
10255
10286
10301
10305
10305
10343
10348
10366
10367
10391
10405
10421
10422
10426
10436
10454
10458
10472
10507
10517
10521
10541
10549
10560
10565
10575
10583
10587
10601
10602
10621
10635
10638
10646
10656
10663
10671
10671
10673
10698
10722
10732
10739
10745
10761
10775
10800
10857
10884
10904
10907
10916
10945
10949
10959
10968
11001
11035
11038
11042
11050
11051
11072
11074
11121
11133
11179
11198
11213
11224
11228
11274
11293
11297
11307
11309
11319
11337
11339
11341
11348
11352
11416
11434
11440
11444
11532
11539
11557
11559
11577
11591
11594
11595
11609
11636
11650
11666
11672
11672
11689
11689
11696
11746
11755
11755
11779
11783
11794
11800
11809
11814
11821
11866
11875
11884
11919
11929
11929
11950
11961
11963
11976
11988
11990
12007
12008
12026
12042
12048
12061
12075
12076
12086
12086
12093
12094
12102
12129
12130
12138
12173
12181
12181
12211
12231
12303
12319
12327
12329
12334
12336
12337
12349
12359
12360
12364
12380
12381
12399
12399
12410
12412
12435
12437
12475
12499
12500
12502
12507
12537
12547
12549
12554
12576
12584
12588
12598
12605
12612
12642
12683
12688
12719
12721
12744
12744
12744
12752
12774
12798
12799
12811
12814
12823
12826
12827
12848
12873
12879
12884
12902
12908
12931
12932
12941
12950
12952
12958
12962
12971
12980
12983
13015
13018
13038
13054
13060
13068
13079
13088
13089
13093
13114
13147
13150
13170
13176
13182
13188
13197
13216
13239
13244
13278
13303
13316
13336
13336
13344
13377
13388
13396
13409
13412
13430
13442
13462
13473
13474
13494
13500
13507
13508
13525
13534
13534
13538
13560
13573
13576
13587
13589
13605
13615
13626
13656
13659
13668
13674
13680
13681
13706
13721
13737
13749
13754
13758
13786
13792
13796
13825
13865
13866
13882
13893
13895
13910
13914
13924
13991
14001
14024
14032
14066
14067
14076
14082
14087
14120
14155
14172
14180
14182
14184
14189
14196
14218
14219
14222
14222
14232
14248
14256
14289
14291
14304
14313
14315
14319
14320
14323
14328
14337
14340
14352
14354
14357
14363
14378
14404
14412
14414
14423
14432
14443
14444
14455
14461
14465
14486
14528
14529
14548
14587
14589
14614
14623
14625
14632
14645
14673
14685
14695
14709
14729
14736
14754
14754
14762
14770
14771
14782
14788
14793
14837
14845
14854
14874
14876
14905
14916
14921
14947
14967
14972
14981
14986
14986
14991
14993
14996
15010
15037
15056
15114
15140
15141
15180
15189
15192
15196
15211
15212
15246
15253
15255
15263
15269
15273
15274
15279
15294
15328
15342
15362
15401
15424
15438
15485
15499
15500
15503
15507
15533
15534
15553
15571
15572
15573
15573
15589
15635
15639
15644
15649
15672
15682
15690
15697
15703
15709
15712
15735
15745
15746
15766
15789
15796
15798
15802
15821
15823
15836
15842
15901
15904
15928
15946
15954
15976
16054
16060
16066
16075
16086
16095
16112
16136
16147
16151
16159
16172
16174
16191
16200
16206
16209
16220
16222
16232
16234
16238
16284
16285
16289
16301
16305
16313
16319
16319
16326
16328
16328
16335
16356
16377
16391
16398
16407
16424
16434
16457
16463
16484
16498
16502
16508
16512
16515
16516
16527
16540
16549
16555
16564
16578
16589
16590
16590
16594
16596
16596
16641
16664
16703
16727
16752
16759
16794
16795
16803
16823
16830
16842
16861
16911
16914
16924
16946
16948
16949
16960
16963
16968
16974
16978
16979
16996
17006
17008
17011
17013
17029
17031
17054
17063
17070
17081
17083
17095
17103
17103
17106
17110
17123
17125
17130
17139
17165
17172
17173
17179
17181
17182
17184
17208
17214
17240
17253
17254
17266
17278
17280
17284
17303
17390
17437
17461
17468
17496
17513
17528
17537
17544
17564
17573
17574
17580
17589
17591
17619
17620
17624
17657
17658
17682
17687
17688
17701
17720
17725
17740
17749
17764
17792
17797
17817
17825
17826
17829
17842
17863
17878
17886
17888
17896
17918
17945
17973
17975
17975
17988
17994
17997
18016
18032
18055
18058
18060
18070
18075
18076
18079
18095
18109
18125
18128
18132
18134
18138
18140
18143
18180
18184
18205
18207
18214
18232
18237
18244
18258
18281
18306
18310
18320
18322
18331
18358
18370
18388
18396
18404
18406
18422
18432
18435
18450
18455
18495
18516
18577
18603
18610
18611
18631
18639
18645
18649
18657
18670
18684
18688
18714
18728
18736
18748
18754
18771
18807
18810
18811
18829
18868
18877
18885
18887
18901
18910
18917
18927
18929
18932
18942
18957
18959
18959
18999
19001
19015
19019
19031
19031
19068
19076
19077
19084
19104
19127
19131
19138
19155
19172
19182
19243
19246
19248
19249
19281
19305
19305
19323
19334
19335
19336
19337
19376
19377
19405
19410
19421
19426
19476
19477
19494
19514
19515
19524
19544
19558
19588
19631
19640
19642
19650
19671
19671
19674
19674
19679
19684
19700
19702
19707
19725
19727
19730
19741
19783
19812
19841
19842
19848
19853
19853
19861
19877
19890
19892
19947
19988
19989
20004
20012
20015
20027
20044
20069
20080
20090
20102
20104
20107
20114
20134
20154
20154
20159
20166
20183
20200
20265
20281
20294
20320
20336
20345
20368
20373
20386
20394
20399
20399
20400
20405
20410
20412
20428
20429
20435
20454
20458
20482
20494
20522
20582
20599
20601
20624
20664
20670
20687
20688
20703
20706
20727
20729
20761
20764
20774
20783
20804
20809
20813
20830
20840
20841
20854
20891
20893
20896
20930
20952
20967
20989
21004
21014
21026
21071
21082
21084
21128
21130
21144
21156
21190
21201
21205
21217
21236
21239
21246
21253
21270
21312
21314
21328
21356
21363
21363
21364
21375
21376
21383
21406
21406
21407
21410
21421
21424
21425
21431
21451
21468
21470
21507
21513
21522
21541
21560
21561
21574
21578
21584
21609
21634
21652
21665
21669
21677
21717
21721
21722
21746
21747
21749
21768
21772
21773
21789
21804
21817
21832
21842
21914
21948
21950
21960
21969
21995
21998
22000
22015
22017
22031
22038
22039
22046
22084
22093
22116
22129
22139
22146
22149
22173
22183
22184
22187
22196
22198
22198
22206
22217
22217
22230
22252
22259
22270
22277
22278
22279
22279
22284
22289
22300
22305
22317
22327
22336
22337
22351
22353
22369
22370
22375
22381
22387
22388
22399
22407
22408
22408
22432
22447
22456
22496
22500
22502
22541
22548
22573
22581
22581
22591
22603
22603
22610
22610
22622
22633
22646
22699
22723
22727
22736
22748
22749
22767
22770
22781
22828
22830
22849
22857
22862
22871
22888
22899
22907
22919
22932
22943
22945
22950
22985
22995
23000
23011
23028
23028
23035
23036
23060
23084
23094
23098
23101
23102
23111
23115
23169
23185
23195
23203
23218
23247
23280
23294
23302
23311
23337
23355
23366
23387
23391
23394
23416
23421
23423
23425
23426
23430
23434
23442
23456
23457
23467
23470
23474
23498
23518
23523
23531
23534
23540
23573
23610
23612
23618
23638
23650
23664
23666
23684
23696
23743
23745
23755
23778
23804
23819
23825
23846
23890
23908
23924
23939
23952
23955
23999
24006
24018
24024
24052
24079
24080
24086
24103
24127
24140
24151
24153
24214
24222
24235
24266
24291
24293
24315
24318
24328
24329
24351
24383
24404
24406
24417
24418
24427
24442
24445
24458
24462
24462
24465
24477
24480
24486
24492
24518
24551
24573
24589
24592
24620
24641
24663
24663
24669
24680
24683
24690
24693
24693
24721
24734
24735
24756
24786
24788
24841
24847
24853
24865
24873
24877
24888
24908
24914
24936
24952
24965
24986
24986
25004
25016
25048
25052
25064
25065
25067
25076
25081
25095
25104
25125
25136
25174
25188
25188
25194
25225
25244
25254
25256
25305
25310
25311
25350
25354
25357
25379
25389
25396
25402
25410
25432
25440
25466
25491
25549
25550
25554
25564
25569
25591
25616
25622
25626
25626
25630
25636
25639
25658
25666
25668
25697
25717
25723
25727
25733
25742
25749
25771
25779
25779
25792
25829
25832
25839
25843
25868
25870
25878
25884
25892
25907
25923
25944
25945
25972
25980
25992
26018
26069
26083
26094
26139
26141
26146
26147
26149
26153
26154
26159
26201
26233
26261
26270
26281
26305
26307
26322
26328
26344
26378
26408
26416
26463
26467
26486
26501
26516
26517
26528
26530
26530
26541
26542
26542
26557
26568
26594
26611
26625
26632
26654
26662
26679
26693
26725
26729
26757
26780
26788
26800
26826
26835
26848
26849
26851
26862
26881
26881
26894
26907
26909
26918
26963
26987
27008
27017
27024
27024
27027
27028
27033
27044
27113
27125
27136
27143
27171
27172
27197
27210
27274
27293
27321
27335
27343
27346
27352
27363
27378
27387
27398
27407
27415
27423
27428
27442
27496
27552
27562
27568
27589
27603
27611
27625
27626
27638
27645
27669
27671
27675
27679
27681
27682
27693
27693
27706
27711
27786
27820
27826
27831
27835
27852
27853
27863
27866
27918
27920
27923
27926
27933
27940
27944
27955
27960
27964
27983
27990
27990
28032
28050
28062
28069
28074
28078
28089
28106
28119
28120
28126
28160
28169
28173
28201
28206
28260
28262
28274
28278
28280
28284
28290
28300
28303
28306
28306
28365
28375
28392
28418
28423
28425
28428
28431
28437
28440
28447
28451
28461
28476
28477
28483
28486
28493
28497
28506
28517
28525
28530
28531
28539
28540
28558
28561
28566
28567
28582
28587
28607
28625
28640
28652
28670
28677
28692
28711
28712
28723
28732
28738
28742
28744
28756
28767
28799
28836
28842
28848
28861
28874
28877
28884
28890
28894
28896
28902
28905
28911
28919
28933
28943
28946
28952
28961
28964
28985
29002
29015
29038
29076
29079
29085
29088
29109
29115
29129
29178
29199
29205
29224
29234
29237
29242
29258
29269
29281
29300
29321
29328
29346
29349
29356
29375
29394
29399
29425
29478
29482
29483
29484
29524
29525
29537
29539
29542
29564
29576
29582
29590
29602
29611
29619
29619
29624
29667
29669
29669
29695
29728
29736
29736
29747
29757
29807
29808
29824
29826
29838
29858
29858
29900
29907
29915
29923
29926
29941
29941
29955
29957
29964
29992
29998
30009
30010
30035
30045
30061
30063
30064
30089
30091
30110
30139
30144
30153
30160
30175
30201
30253
30288
30311
30332
30336
30338
30346
30354
30375
30388
30415
30450
30467
30473
30481
30483
30500
30544
30551
30552
30558
30576
30578
30581
30609
30614
30650
30660
30665
30676
30681
30710
30723
30725
30739
30746
30756
30762
30809
30811
30822
30826
30827
30831
30835
30836
30841
30843
30846
30850
30857
30857
30872
30890
30902
30908
30914
30938
30946
30958
30964
30967
30971
30994
31002
31027
31040
31080
31102
31121
31124
31124
31137
31138
31158
31162
31184
31184
31197
31197
31214
31215
31219
31240
31260
31265
31269
31278
31301
31304
31324
31330
31342
31349
31376
31377
31385
31411
31417
31444
31476
31478
31485
31485
31489
31495
31495
31502
31523
31528
31536
31542
31546
31569
31575
31594
31599
31604
31607
31623
31628
31638
31641
31670
31714
31720
31728
31751
31753
31753
31764
31772
31776
31791
31822
31832
31872
31883
31910
31918
31919
31922
31923
31944
31957
31969
31984
31997
32000
32021
32031
32036
32050
32054
32054
32062
32073
32090
32097
32097
32130
32146
32160
32190
32241
32246
32254
32307
32333
32341
32345
32375
32384
32392
32405
32409
32410
32414
32418
32437
32459
32465
32474
32497
32506
32526
32549
32553
32563
32570
32570
32577
32627
32633
32640
32644
32654
32678
32692
32703
32716
32734
32745
32752
32755

