21
36
59
60
65
94
96
97
122
133
161
170
176
178
193
224
247
256
292
319
320
324
331
339
409
424
432
446
452
454
484
500
507
520
530
532
533
540
540
540
565
579
580
600
603
604
621
642
651
657
668
676
705
747
759
771
790
802
814
820
851
854
860
878
883
894
933
948
955
962
973
1014
1022
1029
1035
1082
1092
1110
1130
1143
1165
1204
1206
1232
1238
1238
1254
1263
1266
1290
1297
1302
1318
1339
1354
1373
1386
1387
1399
1413
1418
1421
1430
1448
1448
1456
1457
1460
1468
1475
1483
1510
1511
1529
1542
1562
1570
1572
1591
1665
1666
1684
1699
1713
1724
1727
1728
1740
1740
1748
1758
1759
1759
1767
1786
1792
1808
1837
1869
1879
1890
1904
1908
1922
1925
1926
1926
1928
1930
1946
1976
1989
1990
2014
2015
2022
2022
2023
2056
2060
2100
2129
2141
2147
2170
2178
2178
2182
2183
2200
2202
2222
2237
2248
2257
2269
2275
2278
2289
2291
2296
2300
2304
2305
2331
2346
2347
2349
2369
2372
2373
2380
2380
2382
2384
2384
2387
2393
2412
2436
2451
2459
2485
2525
2564
2623
2631
2646
2651
2657
2658
2667
2690
2717
2720
2721
2722
2752
2755
2757
2768
2792
2796
2802
2836
2842
2844
2844
2850
2851
2859
2865
2875
2879
2894
2903
2952
2977
2979
3012
3012
3022
3028
3031
3047
3081
3083
3083
3099
3101
3109
3113
3118
3128
3135
3143
3173
3182
3214
3217
3253
3255
3259
3263
3271
3312
3327
3361
3390
3398
3401
3404
3420
3426
3428
3433
3462
3468
3470
3502
3532
3558
3564
3571
3577
3582
3584
3591
3601
3607
3620
3637
3679
3691
3697
3716
3720
3720
3733
3737
3779
3785
3793
3809
3822
3825
3848
3859
3872
3880
3932
3942
3946
3952
3956
3967
3985
3993
3995
3997
4033
4090
4116
4132
4166
4179
4183
4193
4212
4216
4218
4247
4311
4312
4323
4324
4350
4369
4373
4424
4425
4436
4438
4438
4442
4465
4472
4475
4486
4494
4553
4561
4565
4566
4575
4582
4590
4593
4608
4640
4644
4650
4658
4715
4719
4768
4786
4788
4798
4822
4834
4834
4852
4867
4882
4891
4891
4900
4903
4964
4992
4998
4999
5005
5013
5023
5025
5030
5042
5080
5081
5084
5090
5099
5138
5145
5167
5170
5187
5191
5201
5224
5234
5244
5247
5276
5299
5302
5319
5321
5354
5357
5407
5408
5410
5440
5478
5483
5484
5489
5500
5510
5529
5545
5546
5546
5557
5558
5560
5562
5565
5593
5603
5603
5612
5615
5616
5623
5636
5643
5653
5665
5679
5687
5687
5690
5697
5700
5708
5718
5737
5746
5748
5781
5792
5795
5797
5806
5806
5808
5817
5833
5865
5900
5904
5968
5989
5994
6005
6006
6013
6015
6035
6035
6036
6090
6091
6104
6112
6163
6214
6232
6238
6264
6269
6283
6289
6326
6341
6367
6384
6390
6398
6407
6417
6431
6432
6454
6469
6514
6526
6529
6535
6544
6548
6587
6605
6641
6651
6664
6695
6703
6752
6755
6770
6800
6803
6822
6881
6885
6896
6902
6926
6927
6929
6949
6959
6960
6989
7085
7145
7151
7175
7179
7205
7208
7209
7214
7215
7254
7256
7258
7270
7273
7290
7291
7302
7302
7311
7312
7313
7328
7339
7344
7358
7365
7377
7389
7391
7413
7413
7415
7465
7481
7495
7509
7536
7551
7557
7561
7631
7634
7656
7670
7696
7736
7743
7745
7775
7780
7785
7819
7823
7828
7834
7837
7866
7889
7890
7892
7912
7913
7922
7923
7926
7927
7930
7948
7952
7959
7960
7968
7994
8000
8070
8080
8081
8093
8104
8109
8121
8123
8130
8144
8156
8181
8196
8206
8207
8212
8222
8225
8244
8256
8262
8274
8282
8291
8330
8339
8342
8348
8349
8352
8356
8357
8358
8372
8399
8412
8416
8431
8431
8432
8446
8449
8451
8452
8454
8480
8489
8510
8540
8551
8586
8599
8602
8603
8618
8621
8633
8643
8665
8669
8689
8691
8695
8696
8701
8706
8721
8735
8742
8750
8762
8796
8798
8805
8808
8824
8826
8852
8866
8869
8907
8908
8910
8926
8927
8938
8949
8954
8955
8960
8960
8972
8991
8991
9000
9017
9030
9061
9072
9074
9106
9121
9126
9154
9171
9178
9184
9194
9194
9201
9203
9219
9231
9271
9283
9287
9294
9301
9306
9353
9380
9399
9407
9431
9465
9470
9471
9480
9482
9488
9497
9519
9528
9535
9542
9552
9562
9564
9574
9582
9605
9637
9661
9668
9682
9689
9712
9721
9736
9790
9803
9811
9813
9863
9888
9898
9899
9908
9911
9917
9943
9953
10000
10002
10029
10030
10045
10053
10059
10095
10097
10097
10117
10138
10149
10165
10176
10241
10245
10252
10252
10258
10291
10296
10312
10313
10313
10323
10328
10328
10337
10354
10396
10407
10417
10431
10438
10500
10512
10531
10553
10571
10572
10579
10630
10642
10650
10657
10660
10672
10673
10681
10716
10722
10733
10735
10767
10770
10782
10798
10808
10813
10814
10819
10842
10854
10855
10863
10872
10895
10896
10900
10952
10958
10959
10963
10965
10970
10972
10987
10992
10995
11001
11037
11055
11057
11083
11104
11110
11112
11165
11166
11174
11183
11184
11202
11226
11227
11232
11236
11244
11245
11265
11279
11324
11337
11347
11366
11369
11374
11384
11388
11407
11426
11438
11461
11475
11483
11495
11506
11522
11535
11580
11608
11611
11623
11633
11642
11674
11674
11684
11685
11719
11719
11727
11736
11772
11789
11800
11807
11845
11856
11864
11865
11897
11920
11921
11928
11950
11951
11980
11988
12003
12008
12036
12052
12054
12107
12120
12127
12147
12147
12154
12167
12167
12170
12183
12190
12193
12197
12202
12209
12219
12220
12221
12227
12232
12235
12237
12237
12250
12280
12295
12354
12364
12372
12393
12407
12423
12426
12449
12465
12489
12499
12517
12519
12539
12548
12566
12580
12587
12598
12610
12615
12645
12686
12706
12734
12763
12800
12814
12834
12851
12859
12860
12887
12903
12910
12921
12929
12938
12938
12961
12969
12991
12996
12997
13002
13015
13023
13047
13052
13063
13079
13079
13101
13113
13128
13170
13181
13206
13219
13245
13258
13278
13280
13284
13286
13295
13328
13336
13342
13346
13353
13364
13365
13371
13380
13387
13391
13395
13399
13412
13417
13420
13430
13470
13471
13473
13474
13508
13553
13602
13613
13623
13665
13666
13680
13699
13761
13771
13772
13785
13807
13808
13844
13853
13859
13866
13877
13893
13896
13913
13930
13962
13964
13976
13989
14028
14042
14044
14059
14075
14088
14115
14130
14166
14175
14179
14203
14224
14247
14258
14259
14262
14270
14271
14278
14279
14288
14301
14304
14338
14357
14371
14412
14426
14443
14447
14447
14461
14515
14529
14533
14534
14573
14576
14581
14587
14649
14657
14664
14706
14736
14748
14767
14772
14788
14800
14806
14816
14844
14847
14894
14896
14925
14952
15009
15050
15067
15067
15072
15076
15077
15085
15095
15129
15132
15158
15178
15210
15210
15218
15236
15241
15249
15269
15270
15300
15311
15342
15366
15397
15435
15440
15456
15462
15464
15487
15492
15494
15509
15535
15540
15545
15556
15580
15580
15586
15594
15602
15602
15636
15653
15653
15661
15681
15694
15697
15703
15707
15715
15728
15733
15771
15782
15802
15835
15842
15855
15863
15870
15873
15885
15890
15902
15922
15923
15947
15952
15957
15965
15984
16011
16017
16022
16023
16047
16052
16071
16073
16076
16098
16112
16139
16140
16149
16149
16157
16162
16172
16175
16218
16224
16235
16302
16315
16315
16327
16334
16339
16382
16386
16406
16417
16443
16469
16471
16480
16492
16494
16498
16504
16505
16519
16528
16530
16531
16534
16537
16562
16596
16606
16609
16625
16636
16658
16665
16676
16683
16684
16693
16708
16717
16723
16726
16738
16739
16760
16776
16780
16783
16791
16806
16846
16852
16864
16872
16879
16944
16972
16972
16976
16991
16992
16999
17002
17011
17020
17081
17086
17104
17106
17108
17155
17184
17205
17213
17223
17228
17252
17260
17278
17292
17341
17350
17358
17359
17366
17368
17373
17375
17377
17391
17391
17392
17409
17422
17430
17442
17469
17481
17495
17513
17538
17545
17550
17555
17590
17594
17600
17604
17612
17635
17638
17668
17687
17711
17716
17721
17728
17791
17797
17824
17828
17829
17829
17870
17889
17893
17958
17979
17992
18005
18014
18068
18070
18071
18078
18095
18095
18114
18121
18138
18143
18144
18148
18152
18162
18165
18182
18197
18231
18258
18271
18290
18299
18302
18321
18367
18376
18380
18410
18416
18423
18427
18437
18444
18444
18462
18465
18476
18484
18487
18523
18529
18540
18559
18593
18606
18606
18608
18610
18631
18632
18635
18670
18680
18701
18729
18729
18730
18731
18738
18759
18761
18763
18768
18769
18780
18781
18782
18782
18784
18786
18794
18794
18797
18810
18814
18816
18819
18830
18846
18874
18887
18891
18901
18907
18917
18917
18933
18939
18970
18970
18971
18975
18980
18985
18998
19003
19016
19029
19036
19079
19113
19117
19135
19138
19140
19145
19149
19158
19176
19178
19192
19200
19204
19219
19239
19252
19261
19267
19293
19300
19304
19362
19362
19370
19388
19406
19412
19415
19460
19494
19510
19526
19530
19531
19561
19615
19615
19624
19628
19649
19650
19652
19657
19672
19679
19682
19684
19702
19702
19723
19736
19826
19842
19853
19857
19867
19875
19889
19897
19931
19951
19962
20016
20034
20047
20071
20078
20086
20110
20125
20136
20137
20146
20155
20167
20172
20192
20195
20197
20198
20229
20248
20260
20264
20282
20343
20345
20357
20362
20425
20440
20442
20448
20450
20455
20458
20462
20465
20487
20501
20505
20512
20527
20540
20558
20562
20597
20604
20625
20644
20653
20659
20671
20676
20678
20678
20688
20690
20698
20702
20713
20755
20772
20778
20779
20784
20801
20849
20876
20886
20899
20912
20913
20914
20926
20932
20953
20963
20977
20982
20990
20991
21006
21007
21009
21024
21025
21030
21038
21041
21043
21052
21056
21066
21067
21069
21070
21083
21091
21114
21144
21192
21196
21206
21222
21233
21239
21239
21261
21286
21369
21369
21381
21388
21391
21393
21407
21410
21410
21420
21426
21441
21448
21461
21469
21539
21542
21548
21561
21574
21608
21618
21622
21637
21678
21686
21702
21746
21771
21777
21791
21797
21809
21821
21821
21831
21836
21837
21848
21864
21877
21920
21930
21937
21941
21952
21955
21974
21975
21982
22027
22039
22050
22054
22059
22074
22091
22096
22098
22105
22124
22125
22144
22197
22204
22211
22215
22222
22230
22244
22245
22286
22290
22293
22296
22305
22331
22331
22348
22394
22398
22402
22406
22437
22440
22443
22504
22507
22508
22509
22557
22569
22576
22578
22587
22592
22593
22610
22616
22626
22628
22635
22637
22639
22640
22651
22664
22679
22701
22703
22710
22723
22729
22735
22736
22738
22747
22751
22758
22758
22763
22774
22775
22787
22796
22846
22874
22883
22887
22892
22895
22905
22912
22934
22943
22944
22948
22950
22952
22964
22968
22972
23007
23014
23015
23020
23024
23041
23046
23046
23062
23084
23086
23114
23115
23152
23158
23179
23186
23196
23200
23219
23225
23241
23261
23270
23283
23284
23304
23309
23318
23326
23331
23332
23345
23358
23366
23376
23380
23390
23402
23413
23430
23446
23452
23473
23485
23513
23526
23534
23560
23563
23574
23579
23609
23650
23657
23660
23664
23667
23668
23670
23684
23690
23721
23721
23733
23736
23751
23802
23814
23833
23853
23855
23858
23899
23922
23924
23933
23953
23970
23975
23996
24005
24009
24012
24015
24026
24028
24049
24055
24066
24070
24090
24096
24130
24135
24137
24147
24159
24163
24171
24174
24192
24223
24226
24245
24246
24262
24274
24298
24304
24308
24315
24320
24323
24324
24343
24363
24363
24371
24386
24396
24408
24415
24424
24427
24429
24430
24444
24446
24466
24496
24511
24523
24562
24564
24570
24590
24596
24613
24614
24615
24618
24636
24638
24639
24646
24656
24669
24670
24706
24713
24735
24737
24756
24757
24757
24770
24806
24826
24839
24854
24880
24883
24884
24885
24890
24893
24910
24947
24965
24975
25005
25014
25057
25127
25133
25142
25149
25154
25158
25161
25162
25172
25182
25189
25192
25192
25252
25262
25268
25303
25312
25329
25330
25333
25337
25355
25368
25377
25402
25426
25427
25432
25435
25440
25464
25465
25494
25504
25511
25526
25541
25566
25605
25616
25620
25623
25623
25641
25647
25660
25668
25674
25693
25720
25721
25725
25729
25735
25746
25804
25806
25828
25835
25837
25843
25852
25867
25869
25872
25873
25891
25906
25909
25929
25931
25942
25986
25988
25997
26004
26022
26036
26039
26047
26075
26094
26103
26123
26126
26139
26156
26158
26170
26174
26178
26198
26198
26203
26211
26216
26218
26249
26263
26269
26296
26316
26330
26337
26342
26352
26360
26384
26391
26394
26399
26457
26479
26501
26502
26518
26522
26535
26536
26549
26557
26632
26647
26664
26665
26668
26679
26681
26683
26684
26695
26734
26738
26744
26746
26754
26786
26800
26801
26801
26807
26809
26831
26840
26843
26854
26896
26902
26918
26921
26922
26944
26964
26965
26965
26978
26997
26998
27002
27025
27025
27036
27042
27047
27057
27070
27091
27098
27134
27146
27165
27180
27202
27216
27237
27239
27242
27250
27254
27269
27290
27298
27329
27355
27358
27392
27400
27401
27424
27433
27447
27456
27459
27459
27468
27483
27483
27492
27495
27498
27518
27528
27530
27535
27559
27586
27594
27603
27607
27609
27645
27679
27683
27684
27711
27736
27753
27760
27780
27780
27781
27784
27799
27802
27804
27807
27816
27840
27854
27858
27863
27896
27921
27934
27939
27940
27953
27982
27986
28001
28008
28008
28019
28086
28091
28100
28101
28107
28115
28123
28162
28164
28170
28207
28217
28218
28234
28251
28263
28270
28275
28283
28284
28302
28303
28322
28327
28327
28331
28368
28374
28380
28387
28409
28419
28423
28425
28426
28443
28453
28462
28489
28491
28494
28510
28519
28522
28525
28526
28526
28528
28555
28575
28588
28594
28641
28642
28649
28673
28689
28690
28715
28716
28722
28725
28733
28744
28750
28755
28759
28768
28778
28783
28802
28806
28808
28842
28866
28885
28888
28894
28898
28903
28906
28915
28918
28931
28931
28936
28940
28952
28966
28994
29008
29017
29023
29026
29037
29041
29055
29063
29067
29069
29082
29094
29129
29138
29162
29168
29169
29215
29222
29250
29267
29280
29282
29290
29306
29316
29325
29336
29349
29363
29363
29364
29392
29407
29410
29417
29418
29418
29427
29432
29442
29448
29462
29493
29504
29507
29509
29531
29535
29541
29544
29560
29562
29570
29574
29600
29636
29641
29645
29665
29669
29669
29669
29690
29735
29739
29754
29765
29774
29779
29793
29800
29803
29804
29815
29831
29849
29882
29896
29908
29933
29936
29941
29944
29945
29959
29994
30003
30021
30025
30047
30065
30071
30100
30118
30121
30127
30132
30158
30169
30175
30179
30182
30238
30290
30306
30326
30337
30338
30358
30362
30392
30395
30409
30422
30425
30427
30436
30456
30477
30479
30513
30516
30522
30522
30540
30542
30571
30600
30607
30607
30619
30620
30621
30646
30657
30660
30663
30669
30671
30684
30686
30689
30696
30731
30747
30748
30750
30772
30802
30814
30818
30838
30880
30885
30894
30894
30915
30921
30989
31015
31050
31065
31103
31114
31158
31176
31179
31183
31209
31236
31266
31296
31300
31323
31328
31330
31348
31358
31412
31430
31440
31455
31464
31465
31479
31491
31499
31549
31569
31592
31629
31630
31648
31659
31691
31710
31719
31721
31722
31728
31737
31740
31740
31744
31752
31759
31804
31816
31828
31841
31891
31914
31915
31918
31918
31921
31925
31927
31936
31976
31983
31993
32009
32010
32026
32037
32042
32065
32087
32093
32109
32114
32117
32119
32135
32142
32174
32201
32208
32210
32211
32231
32255
32288
32310
32311
32319
32323
32326
32328
32331
32339
32352
32354
32359
32362
32404
32426
32446
32447
32448
32462
32479
32482
32487
32491
32497
32506
32529
32537
32556
32567
32568
32585
32592
32602
32608
32631
32641
32645
32657
32660
32671
32700
32727
32733
32734
32744
32755
32756

