17
38
46
47
52
70
71
74
76
84
89
94
105
107
130
138
157
182
196
198
203
220
226
231
234
262
279
337
343
345
371
374
376
393
394
399
404
415
424
453
477
478
483
499
499
513
515
516
518
533
533
580
602
617
650
679
684
692
695
708
733
750
777
777
796
844
845
877
896
902
906
907
933
945
948
950
951
960
966
972
973
974
976
982
983
989
1000
1003
1008
1045
1052
1067
1086
1091
1107
1119
1176
1200
1209
1232
1254
1259
1266
1278
1283
1295
1309
1325
1334
1344
1352
1361
1365
1371
1386
1407
1408
1422
1424
1436
1440
1443
1473
1494
1500
1536
1546
1571
1607
1608
1611
1617
1620
1630
1630
1633
1643
1647
1660
1672
1676
1684
1738
1756
1766
1781
1803
1807
1825
1849
1855
1868
1894
1900
1910
1917
1918
1933
1944
1946
1958
1974
1983
2000
2006
2010
2041
2042
2062
2068
2076
2120
2126
2133
2150
2154
2155
2156
2164
2187
2199
2207
2210
2244
2256
2259
2262
2266
2300
2307
2330
2340
2341
2343
2346
2351
2369
2406
2407
2422
2467
2467
2513
2544
2549
2556
2567
2576
2608
2610
2611
2620
2650
2651
2651
2652
2658
2676
2686
2687
2690
2696
2704
2706
2731
2737
2759
2770
2804
2809
2822
2825
2875
2894
2941
2947
2950
2950
2959
2961
2982
2989
2993
3012
3017
3018
3030
3036
3037
3056
3059
3059
3083
3089
3094
3099
3139
3141
3157
3161
3216
3271
3271
3272
3280
3299
3310
3329
3335
3343
3360
3365
3372
3409
3409
3453
3464
3503
3504
3525
3530
3543
3577
3580
3589
3595
3615
3617
3659
3670
3688
3713
3716
3718
3718
3765
3776
3783
3793
3793
3803
3832
3839
3844
3846
3860
3866
3918
3924
3979
4019
4025
4034
4052
4066
4069
4093
4104
4104
4115
4116
4178
4226
4230
4231
4240
4262
4263
4268
4273
4348
4351
4363
4368
4369
4381
4384
4388
4393
4405
4432
4476
4477
4482
4492
4507
4525
4554
4587
4590
4595
4621
4651
4669
4673
4688
4706
4723
4759
4764
4766
4780
4800
4840
4842
4844
4856
4861
4862
4875
4969
4974
4975
4982
4986
4992
5012
5033
5040
5047
5052
5071
5081
5108
5120
5140
5147
5149
5150
5156
5169
5180
5194
5206
5209
5209
5213
5216
5218
5231
5250
5252
5256
5276
5287
5289
5307
5313
5316
5342
5345
5359
5379
5387
5396
5427
5437
5438
5452
5462
5470
5498
5521
5522
5543
5556
5560
5565
5602
5622
5632
5645
5670
5673
5675
5685
5688
5709
5709
5719
5727
5764
5777
5785
5812
5856
5863
5868
5879
5883
5918
5928
5936
5936
5952
5959
5960
5995
6004
6020
6034
6055
6070
6086
6103
6106
6110
6122
6122
6137
6143
6167
6191
6191
6193
6218
6228
6267
6276
6296
6303
6319
6324
6325
6338
6338
6345
6397
6404
6410
6423
6452
6484
6510
6523
6545
6568
6602
6610
6611
6612
6634
6642
6645
6645
6653
6656
6669
6672
6682
6713
6716
6720
6731
6743
6745
6759
6760
6782
6783
6804
6807
6812
6815
6855
6870
6886
6900
6923
6928
6931
6932
6941
6944
6947
6967
6994
6998
7004
7009
7010
7012
7036
7058
7086
7089
7089
7090
7095
7104
7124
7140
7144
7168
7201
7209
7224
7224
7226
7232
7294
7313
7321
7329
7335
7344
7346
7353
7360
7372
7376
7394
7408
7415
7416
7418
7421
7443
7448
7453
7453
7469
7472
7498
7509
7545
7548
7560
7563
7566
7569
7574
7575
7643
7647
7659
7666
7667
7669
7671
7695
7697
7700
7713
7720
7732
7754
7768
7792
7798
7822
7830
7858
7878
7879
7887
7926
7936
7962
7999
8005
8008
8029
8035
8039
8040
8057
8125
8129
8139
8146
8153
8154
8155
8156
8174
8175
8246
8261
8268
8270
8273
8284
8291
8292
8295
8322
8326
8338
8355
8376
8399
8399
8402
8406
8408
8409
8411
8424
8429
8446
8456
8460
8467
8478
8489
8489
8508
8521
8522
8538
8546
8550
8554
8561
8615
8629
8651
8652
8663
8664
8668
8692
8709
8727
8728
8731
8755
8766
8791
8791
8802
8818
8826
8827
8827
8838
8844
8844
8853
8875
8905
8912
8912
8929
8936
8962
8964
8987
8991
8991
8997
9005
9010
9015
9083
9085
9095
9104
9121
9136
9146
9161
9169
9174
9181
9204
9204
9217
9258
9272
9278
9286
9294
9380
9409
9425
9440
9441
9450
9458
9475
9503
9510
9514
9516
9528
9537
9541
9543
9550
9553
9557
9564
9571
9571
9618
9622
9626
9632
9656
9670
9677
9681
9685
9685
9694
9735
9737
9747
9752
9777
9787
9819
9823
9843
9848
9853
9921
9958
9998
10020
10032
10036
10049
10067
10076
10082
10089
10106
10114
10118
10150
10152
10163
10165
10200
10203
10210
10231
10231
10239
10269
10272
10277
10288
10305
10318
10318
10328
10329
10333
10334
10338
10339
10350
10366
10385
10392
10443
10443
10450
10475
10488
10493
10495
10532
10534
10537
10541
10555
10556
10573
10600
10618
10632
10645
10652
10654
10699
10707
10709
10728
10756
10757
10806
10836
10836
10841
10852
10853
10863
10867
10879
10898
10904
10930
10940
10953
10965
10994
10999
11023
11040
11055
11085
11092
11104
11107
11113
11116
11124
11132
11144
11153
11167
11193
11241
11249
11262
11295
11347
11361
11381
11387
11402
11402
11445
11446
11453
11484
11485
11491
11532
11538
11557
11585
11593
11601
11618
11625
11636
11647
11653
11667
11673
11679
11691
11695
11697
11734
11739
11757
11825
11863
11868
11870
11877
11878
11892
11904
11918
11920
11928
11935
11935
11935
11950
11951
11958
11975
11980
11994
12014
12014
12019
12046
12065
12071
12080
12110
12132
12165
12170
12174
12187
12207
12214
12225
12230
12230
12243
12250
12260
12263
12268
12272
12278
12281
12293
12300
12309
12337
12360
12367
12367
12379
12402
12425
12451
12459
12484
12493
12496
12502
12543
12555
12566
12576
12585
12620
12624
12629
12640
12653
12675
12689
12699
12702
12716
12730
12745
12754
12754
12754
12764
12778
12781
12787
12790
12803
12813
12828
12829
12830
12838
12864
12873
12874
12879
12890
12903
12932
12946
12953
12970
12975
13024
13031
13058
13081
13084
13086
13118
13120
13121
13133
13142
13150
13170
13182
13216
13252
13273
13281
13294
13317
13339
13356
13359
13359
13378
13394
13410
13414
13463
13477
13479
13483
13502
13522
13522
13542
13549
13584
13584
13585
13603
13605
13623
13629
13646
13659
13676
13679
13709
13711
13731
13735
13739
13741
13744
13746
13789
13806
13815
13847
13869
13880
13920
13923
13934
13957
13958
13962
13965
13979
13989
13998
14001
14005
14009
14019
14023
14033
14033
14046
14055
14072
14079
14111
14112
14145
14149
14154
14163
14179
14196
14199
14200
14209
14242
14258
14284
14291
14292
14334
14335
14341
14363
14368
14378
14415
14418
14424
14432
14433
14437
14496
14523
14554
14560
14568
14569
14588
14595
14632
14645
14650
14652
14667
14668
14687
14690
14694
14696
14734
14748
14755
14758
14771
14779
14797
14800
14808
14809
14811
14830
14833
14854
14858
14859
14861
14874
14879
14889
14900
14901
14903
14904
14959
14959
14960
14971
15008
15009
15046
15050
15068
15088
15093
15096
15143
15149
15165
15181
15186
15201
15202
15237
15257
15285
15304
15326
15346
15355
15376
15390
15391
15400
15416
15428
15452
15456
15461
15478
15506
15511
15534
15561
15573
15603
15609
15618
15622
15625
15632
15636
15639
15665
15666
15677
15721
15733
15776
15810
15821
15834
15838
15872
15873
15879
15899
15899
15917
15939
15950
15970
15976
15977
15989
15992
15993
16016
16035
16046
16083
16088
16121
16154
16180
16195
16201
16223
16224
16227
16233
16250
16260
16276
16303
16322
16331
16343
16350
16367
16369
16370
16371
16373
16373
16381
16386
16399
16417
16437
16497
16498
16499
16508
16529
16539
16559
16570
16573
16583
16584
16584
16603
16607
16613
16621
16627
16647
16669
16673
16681
16684
16688
16689
16693
16735
16742
16748
16769
16773
16776
16782
16794
16801
16826
16828
16848
16858
16860
16875
16875
16876
16879
16894
16894
16905
16961
16963
16974
16975
16981
17007
17013
17030
17042
17043
17051
17052
17081
17083
17094
17136
17153
17161
17168
17187
17203
17209
17223
17236
17273
17290
17312
17407
17410
17427
17429
17444
17446
17457
17466
17466
17480
17491
17517
17559
17563
17577
17590
17603
17604
17613
17636
17639
17648
17655
17658
17675
17689
17692
17694
17705
17713
17714
17732
17733
17756
17759
17760
17773
17779
17797
17821
17824
17825
17826
17852
17859
17873
17881
17884
17917
17920
17921
17930
17934
17942
17948
17971
17992
17993
17999
18008
18016
18047
18057
18102
18117
18155
18167
18171
18184
18199
18200
18209
18241
18245
18262
18300
18301
18323
18325
18329
18361
18363
18403
18424
18448
18452
18454
18456
18463
18507
18532
18533
18539
18549
18560
18562
18573
18597
18616
18635
18644
18679
18680
18681
18682
18686
18696
18704
18704
18712
18718
18738
18742
18744
18745
18745
18746
18747
18759
18822
18843
18850
18858
18868
18876
18893
18894
18904
18935
18953
18968
18978
18981
18984
18988
18991
18999
19018
19037
19047
19052
19059
19081
19084
19093
19110
19113
19118
19132
19134
19146
19185
19190
19194
19197
19199
19209
19223
19239
19287
19335
19360
19380
19383
19422
19448
19450
19460
19506
19540
19548
19551
19556
19564
19579
19581
19581
19602
19609
19629
19643
19645
19652
19658
19671
19681
19695
19704
19721
19726
19727
19747
19747
19764
19767
19776
19788
19797
19806
19808
19811
19812
19830
19852
19889
19889
19891
19906
19923
19937
19943
19948
19956
19966
19999
20021
20025
20055
20069
20073
20083
20096
20108
20110
20125
20128
20137
20139
20142
20153
20162
20176
20189
20234
20250
20299
20306
20320
20341
20345
20366
20366
20393
20424
20492
20507
20508
20524
20527
20553
20559
20573
20575
20586
20594
20609
20637
20641
20654
20694
20767
20781
20782
20807
20814
20837
20853
20869
20875
20877
20934
20937
20937
20945
20965
20987
21000
21014
21038
21054
21061
21062
21064
21080
21080
21117
21127
21142
21152
21179
21205
21221
21251
21263
21281
21281
21299
21316
21332
21342
21359
21373
21375
21403
21446
21453
21469
21546
21574
21585
21618
21619
21634
21643
21655
21669
21689
21703
21706
21720
21738
21752
21760
21765
21770
21795
21831
21843
21881
21882
21889
21899
21905
21908
21909
21919
21955
21957
21960
21971
21977
21980
21992
21993
22004
22005
22007
22020
22026
22044
22051
22063
22107
22109
22109
22134
22150
22151
22151
22160
22162
22198
22208
22213
22216
22226
22230
22241
22248
22249
22277
22282
22293
22296
22306
22335
22348
22352
22372
22391
22415
22417
22453
22462
22464
22465
22473
22476
22478
22479
22565
22595
22620
22636
22640
22649
22652
22662
22664
22668
22679
22679
22701
22721
22754
22776
22784
22785
22793
22819
22821
22827
22857
22858
22898
22908
22944
22951
22963
23002
23018
23027
23047
23051
23083
23089
23091
23102
23103
23116
23116
23149
23157
23158
23164
23170
23187
23224
23241
23248
23265
23266
23290
23336
23337
23365
23366
23371
23373
23377
23390
23400
23401
23424
23434
23436
23449
23464
23469
23484
23492
23507
23512
23531
23548
23557
23566
23584
23602
23620
23644
23664
23677
23681
23685
23688
23705
23721
23736
23738
23754
23767
23768
23774
23774
23789
23839
23863
23863
23879
23882
23891
23905
23914
23916
23930
23940
23944
23946
23968
23973
23976
23980
23984
23986
23995
23998
24003
24013
24020
24030
24041
24061
24075
24107
24132
24150
24151
24157
24162
24185
24207
24238
24245
24247
24262
24278
24286
24289
24300
24321
24332
24335
24336
24358
24375
24393
24400
24403
24434
24469
24478
24485
24492
24494
24495
24533
24540
24541
24552
24582
24585
24606
24652
24653
24660
24673
24683
24684
24688
24706
24714
24726
24784
24813
24817
24852
24854
24880
24887
24895
24911
24920
24940
24943
24971
25018
25022
25043
25050
25058
25070
25079
25105
25111
25111
25112
25142
25155
25183
25197
25218
25222
25232
25238
25263
25264
25295
25322
25327
25332
25336
25380
25407
25414
25416
25417
25423
25439
25441
25454
25455
25481
25531
25565
25566
25587
25589
25591
25606
25639
25645
25652
25655
25673
25697
25724
25726
25765
25778
25785
25798
25811
25820
25837
25853
25866
25866
25871
25895
25906
25906
25914
25933
25936
25945
25979
25997
26015
26036
26046
26052
26054
26074
26080
26085
26092
26098
26119
26123
26138
26151
26159
26176
26179
26180
26181
26188
26189
26191
26193
26193
26201
26211
26214
26224
26236
26268
26289
26306
26337
26338
26339
26339
26365
26390
26398
26406
26409
26430
26435
26443
26446
26449
26451
26455
26487
26494
26510
26523
26524
26526
26535
26542
26563
26564
26579
26583
26609
26615
26630
26632
26674
26683
26704
26708
26714
26735
26748
26759
26773
26789
26831
26860
26873
26876
26885
26915
26944
26947
26951
26953
26956
26972
26974
26979
26987
26991
26995
27006
27012
27015
27024
27026
27064
27064
27069
27093
27097
27103
27129
27129
27146
27167
27182
27187
27204
27207
27215
27245
27249
27249
27267
27268
27277
27287
27304
27311
27312
27317
27322
27325
27340
27369
27389
27393
27394
27464
27478
27479
27496
27504
27518
27534
27541
27551
27560
27565
27566
27575
27577
27598
27604
27629
27637
27644
27650
27659
27663
27693
27710
27710
27738
27740
27742
27754
27755
27764
27767
27768
27768
27784
27819
27823
27825
27830
27831
27832
27833
27839
27840
27843
27850
27858
27868
27881
27904
27912
27932
27957
27962
27977
27978
27992
27996
28007
28017
28022
28022
28030
28042
28049
28054
28105
28105
28109
28133
28152
28173
28177
28185
28187
28199
28214
28221
28233
28241
28259
28259
28293
28306
28307
28308
28316
28336
28350
28358
28374
28380
28384
28389
28404
28415
28422
28425
28426
28438
28442
28444
28454
28461
28473
28492
28515
28516
28521
28536
28542
28543
28558
28563
28601
28615
28644
28648
28650
28652
28671
28674
28704
28705
28709
28720
28733
28751
28767
28768
28793
28796
28810
28813
28816
28822
28849
28862
28865
28871
28874
28892
28935
28953
28955
28974
28975
29007
29063
29069
29073
29084
29097
29101
29129
29133
29160
29170
29179
29203
29214
29215
29225
29230
29240
29255
29257
29260
29266
29270
29357
29364
29364
29383
29407
29412
29415
29444
29456
29470
29470
29472
29489
29500
29510
29518
29542
29578
29599
29608
29630
29644
29675
29684
29710
29736
29743
29745
29755
29765
29794
29806
29816
29819
29830
29832
29837
29841
29884
29904
29907
29909
29912
29912
29944
29972
29978
30010
30010
30011
30012
30026
30036
30036
30104
30110
30130
30133
30139
30139
30141
30172
30183
30192
30199
30199
30207
30232
30237
30267
30298
30310
30324
30376
30384
30389
30396
30422
30426
30430
30443
30456
30469
30500
30510
30574
30575
30577
30584
30586
30588
30615
30630
30668
30679
30682
30686
30692
30699
30704
30712
30721
30725
30737
30779
30784
30802
30813
30826
30829
30842
30844
30846
30847
30849
30853
30868
30889
30903
30916
30918
30933
30941
30947
30965
30988
30998
31001
31014
31016
31018
31021
31034
31043
31051
31090
31102
31106
31124
31126
31126
31131
31134
31138
31142
31143
31151
31182
31185
31197
31207
31212
31230
31237
31254
31259
31265
31279
31283
31292
31295
31305
31307
31310
31326
31337
31369
31371
31375
31382
31393
31441
31464
31472
31503
31506
31524
31527
31550
31554
31556
31561
31579
31581
31596
31597
31601
31623
31649
31656
31666
31674
31679
31680
31681
31688
31692
31697
31779
31789
31807
31826
31841
31909
31909
31919
31931
31945
31947
31947
31947
31949
31955
31981
31983
31989
31990
32000
32026
32034
32035
32064
32066
32080
32085
32103
32118
32132
32138
32138
32162
32196
32199
32209
32217
32236
32239
32250
32257
32267
32277
32284
32334
32349
32368
32399
32424
32429
32440
32472
32501
32537
32544
32590
32608
32678
32681
32706
32715
32739
32743
32756
32762
32767

