24
27
27
58
62
64
70
101
103
103
132
140
190
190
228
234
238
261
264
279
307
343
344
360
367
409
412
427
431
435
450
502
502
508
509
523
536
537
541
561
597
603
647
673
675
681
681
713
717
729
737
755
818
835
839
850
874
894
896
901
909
927
957
977
988
1015
1026
1033
1038
1047
1053
1056
1075
1081
1090
1094
1094
1112
1125
1159
1173
1200
1210
1226
1255
1261
1294
1295
1315
1323
1347
1393
1407
1448
1451
1459
1465
1474
1504
1505
1517
1526
1531
1546
1560
1575
1584
1594
1599
1621
1636
1684
1691
1698
1715
1738
1760
1763
1765
1767
1778
1799
1836
1844
1845
1845
1875
1899
1901
1929
1936
1963
1978
1980
1988
1991
1993
2003
2011
2027
2065
2076
2100
2109
2121
2126
2139
2139
2148
2150
2161
2161
2166
2174
2192
2198
2214
2259
2261
2274
2276
2294
2322
2326
2342
2356
2366
2376
2396
2432
2437
2451
2460
2461
2492
2500
2525
2539
2542
2551
2553
2579
2581
2610
2612
2619
2634
2648
2649
2661
2666
2674
2675
2692
2699
2712
2717
2720
2780
2782
2798
2799
2834
2836
2847
2880
2900
2927
2932
2939
2942
2953
2956
2960
2979
2993
3008
3025
3044
3067
3067
3080
3080
3088
3156
3165
3172
3177
3181
3195
3198
3199
3204
3217
3221
3226
3228
3241
3243
3245
3255
3258
3265
3269
3311
3319
3344
3355
3375
3401
3410
3422
3442
3445
3452
3458
3479
3487
3494
3506
3510
3518
3531
3535
3570
3584
3593
3621
3622
3632
3693
3707
3766
3773
3774
3776
3785
3803
3821
3871
3876
3910
3940
3943
3970
3975
4000
4012
4020
4043
4046
4047
4054
4091
4122
4154
4185
4200
4223
4229
4234
4252
4253
4267
4295
4312
4317
4325
4327
4329
4332
4341
4348
4359
4397
4400
4409
4442
4443
4446
4464
4503
4513
4517
4524
4526
4531
4534
4535
4542
4551
4568
4573
4609
4613
4622
4631
4632
4635
4642
4691
4692
4696
4698
4698
4704
4738
4740
4741
4759
4761
4771
4776
4789
4796
4804
4804
4836
4839
4842
4846
4852
4879
4882
4884
4885
4950
4954
4999
5011
5026
5028
5060
5074
5077
5098
5121
5147
5169
5170
5179
5188
5199
5200
5209
5223
5229
5256
5293
5304
5311
5332
5337
5347
5354
5356
5360
5360
5387
5406
5432
5437
5438
5476
5479
5494
5496
5500
5513
5520
5521
5544
5547
5550
5553
5553
5570
5600
5603
5623
5630
5646
5661
5695
5705
5707
5710
5712
5717
5735
5736
5750
5759
5760
5782
5802
5804
5806
5837
5852
5860
5920
5923
5967
6008
6011
6018
6030
6037
6038
6084
6098
6106
6135
6169
6172
6181
6201
6216
6223
6227
6242
6244
6248
6269
6272
6286
6301
6319
6329
6329
6343
6357
6362
6362
6387
6397
6400
6412
6423
6425
6447
6471
6473
6498
6505
6510
6510
6524
6535
6537
6539
6552
6553
6555
6556
6558
6559
6561
6562
6572
6583
6585
6612
6637
6678
6679
6682
6687
6708
6708
6716
6717
6722
6733
6736
6774
6822
6862
6863
6886
6887
6895
6912
6920
6934
6939
6961
6976
6990
7008
7030
7036
7054
7054
7061
7090
7143
7146
7147
7157
7196
7244
7253
7320
7322
7338
7342
7352
7362
7373
7380
7399
7410
7412
7421
7421
7480
7494
7516
7520
7520
7521
7551
7551
7555
7555
7564
7567
7593
7603
7606
7622
7639
7649
7658
7672
7677
7684
7689
7711
7716
7724
7728
7742
7748
7754
7773
7780
7801
7802
7810
7845
7845
7857
7872
7875
7890
7963
7963
7974
7982
7989
8003
8036
8067
8071
8071
8076
8089
8112
8135
8143
8151
8189
8191
8199
8203
8203
8223
8255
8261
8270
8367
8369
8396
8402
8432
8434
8440
8447
8448
8462
8462
8464
8486
8491
8512
8513
8518
8523
8554
8560
8565
8583
8590
8611
8613
8666
8695
8708
8719
8733
8762
8765
8765
8795
8820
8827
8842
8853
8857
8861
8882
8908
8914
8914
8934
8950
8961
8979
8983
8984
9006
9010
9022
9024
9031
9033
9042
9065
9071
9090
9133
9140
9161
9161
9170
9171
9195
9201
9203
9209
9236
9240
9272
9277
9295
9296
9361
9386
9387
9403
9406
9415
9417
9430
9440
9454
9458
9478
9479
9480
9489
9491
9495
9499
9500
9549
9556
9645
9647
9651
9653
9662
9665
9673
9678
9683
9696
9702
9706
9710
9723
9744
9748
9757
9767
9768
9773
9780
9784
9889
9903
9903
9933
9935
9943
9947
9952
9953
9991
9996
10021
10023
10029
10060
10065
10067
10098
10123
10133
10146
10159
10201
10213
10245
10247
10259
10273
10307
10312
10414
10417
10443
10455
10474
10481
10486
10489
10514
10518
10518
10522
10537
10541
10545
10562
10563
10601
10604
10649
10651
10658
10663
10665
10677
10684
10700
10721
10806
10818
10818
10822
10826
10832
10833
10842
10855
10855
10857
10868
10876
10879
10883
10890
10908
10922
10968
10973
10973
10999
11012
11042
11060
11066
11078
11094
11098
11108
11117
11134
11136
11206
11244
11255
11330
11344
11350
11363
11370
11375
11376
11391
11397
11399
11445
11445
11445
11463
11463
11464
11481
11483
11495
11505
11509
11519
11523
11530
11551
11559
11561
11571
11589
11611
11627
11632
11635
11655
11681
11700
11709
11714
11717
11730
11752
11790
11798
11849
11872
11875
11893
11900
11901
11906
11909
11914
11926
11929
11973
11991
12000
12010
12022
12022
12023
12038
12047
12052
12059
12078
12086
12102
12114
12145
12146
12147
12153
12161
12216
12232
12238
12266
12271
12286
12298
12317
12318
12320
12320
12353
12355
12381
12387
12401
12402
12415
12417
12417
12432
12481
12485
12496
12535
12545
12553
12572
12588
12607
12630
12631
12632
12636
12642
12646
12648
12681
12686
12686
12690
12712
12715
12736
12747
12756
12765
12792
12792
12797
12800
12802
12830
12847
12849
12850
12869
12872
12890
12905
12917
12941
12950
12959
12979
13001
13003
13044
13063
13101
13139
13173
13179
13180
13195
13238
13251
13260
13267
13281
13293
13308
13329
13340
13345
13348
13350
13363
13410
13454
13456
13478
13479
13480
13501
13508
13509
13511
13538
13559
13559
13562
13570
13587
13615
13626
13640
13647
13648
13655
13662
13664
13674
13677
13688
13703
13706
13725
13734
13744
13754
13755
13760
13764
13776
13788
13799
13799
13823
13834
13836
13840
13848
13851
13870
13871
13886
13907
13921
13931
13945
13951
13962
13974
13988
13995
14007
14032
14034
14074
14083
14085
14098
14105
14115
14118
14125
14136
14138
14140
14184
14186
14186
14216
14228
14260
14263
14283
14285
14290
14292
14322
14338
14348
14356
14356
14363
14365
14372
14384
14397
14445
14460
14462
14477
14478
14485
14531
14545
14560
14574
14605
14619
14681
14727
14731
14773
14783
14788
14809
14813
14838
14838
14876
14880
14901
14904
14915
14971
14978
14979
14992
15006
15038
15043
15054
15068
15071
15086
15093
15101
15124
15125
15138
15147
15164
15172
15191
15214
15226
15241
15269
15285
15296
15332
15338
15350
15351
15396
15398
15399
15400
15427
15429
15432
15473
15484
15487
15493
15496
15523
15542
15562
15581
15647
15651
15664
15669
15672
15673
15675
15685
15709
15716
15737
15746
15756
15768
15772
15774
15796
15809
15863
15869
15888
15920
15923
15931
15933
15939
15948
15971
15987
16002
16002
16010
16015
16018
16041
16052
16060
16072
16076
16084
16084
16090
16091
16096
16138
16139
16161
16176
16194
16207
16220
16221
16229
16231
16239
16255
16257
16263
16276
16278
16282
16286
16288
16301
16302
16315
16335
16341
16343
16370
16398
16398
16399
16411
16414
16414
16417
16417
16424
16428
16437
16437
16439
16441
16452
16484
16485
16491
16492
16506
16519
16519
16533
16536
16555
16566
16566
16568
16602
16620
16624
16637
16656
16658
16672
16702
16708
16711
16719
16727
16731
16739
16759
16773
16780
16805
16839
16864
16875
16877
16884
16900
16904
16913
16922
16936
16944
16948
16975
16976
16994
17017
17038
17042
17076
17086
17105
17115
17138
17184
17187
17203
17217
17235
17245
17287
17300
17303
17313
17331
17337
17341
17343
17350
17358
17376
17378
17381
17387
17391
17398
17400
17405
17407
17413
17424
17445
17469
17515
17534
17552
17564
17582
17583
17603
17666
17707
17746
17759
17764
17804
17814
17825
17840
17868
17871
17904
17912
17921
17922
17949
17956
17976
17982
18005
18012
18016
18018
18022
18026
18070
18071
18083
18096
18097
18125
18158
18159
18160
18202
18204
18211
18219
18291
18298
18312
18337
18337
18339
18366
18375
18389
18398
18401
18407
18477
18479
18496
18502
18502
18535
18540
18550
18558
18575
18586
18590
18604
18609
18644
18649
18653
18663
18669
18682
18684
18695
18699
18699
18708
18710
18741
18752
18756
18769
18769
18771
18773
18775
18782
18805
18807
18849
18857
18864
18872
18878
18878
18879
18905
18908
18920
18921
18923
18930
18938
18943
18953
18958
19014
19043
19049
19057
19070
19092
19098
19104
19139
19143
19163
19179
19194
19195
19207
19249
19249
19267
19279
19293
19308
19310
19313
19325
19351
19353
19358
19363
19365
19365
19368
19383
19400
19406
19411
19413
19428
19438
19445
19445
19447
19452
19452
19479
19480
19480
19481
19492
19513
19519
19524
19530
19561
19565
19568
19571
19614
19624
19627
19634
19663
19664
19674
19682
19700
19723
19766
19780
19781
19808
19810
19820
19833
19843
19849
19851
19878
19885
19888
19898
19902
19906
19915
19927
19955
19982
19984
19987
20018
20057
20057
20058
20068
20069
20134
20159
20169
20187
20213
20227
20228
20230
20236
20239
20243
20247
20268
20280
20284
20288
20292
20295
20307
20308
20308
20313
20316
20330
20354
20355
20377
20390
20408
20410
20412
20416
20462
20472
20497
20504
20519
20521
20529
20550
20589
20591
20592
20595
20597
20604
20606
20656
20659
20667
20679
20710
20716
20718
20720
20726
20730
20763
20766
20769
20811
20817
20844
20850
20850
20876
20897
20901
20903
20913
20917
20940
20944
20948
20956
20970
20971
20994
20998
20999
21001
21052
21056
21083
21089
21101
21103
21107
21122
21131
21132
21133
21159
21181
21205
21206
21206
21207
21212
21222
21235
21237
21243
21262
21263
21270
21271
21272
21275
21275
21302
21321
21325
21358
21364
21366
21371
21395
21403
21405
21411
21411
21413
21434
21440
21466
21487
21489
21490
21499
21508
21509
21514
21515
21520
21533
21543
21563
21570
21577
21586
21594
21626
21629
21635
21652
21655
21657
21664
21672
21673
21692
21705
21714
21723
21727
21742
21784
21805
21835
21841
21852
21877
21882
21885
21886
21893
21896
21902
21907
21934
21945
21985
21987
21990
21997
22005
22016
22021
22026
22031
22034
22036
22043
22045
22054
22067
22072
22095
22098
22106
22117
22145
22155
22176
22188
22196
22204
22206
22206
22247
22252
22302
22346
22355
22359
22360
22402
22405
22408
22412
22435
22442
22474
22502
22507
22513
22531
22534
22536
22536
22543
22545
22548
22562
22572
22603
22624
22629
22629
22632
22693
22697
22707
22723
22749
22771
22774
22786
22837
22929
22933
22937
22939
22940
22943
22974
22984
23003
23008
23021
23028
23028
23036
23047
23065
23083
23097
23098
23107
23112
23119
23136
23157
23185
23195
23240
23253
23262
23286
23299
23307
23313
23316
23318
23320
23322
23325
23340
23396
23409
23410
23416
23429
23433
23444
23454
23457
23463
23472
23473
23474
23478
23491
23497
23498
23526
23546
23560
23564
23569
23576
23589
23604
23624
23638
23645
23654
23705
23710
23714
23716
23720
23720
23743
23753
23759
23767
23776
23780
23788
23799
23823
23846
23851
23856
23856
23858
23919
23925
23928
23934
23950
23958
23998
24005
24007
24037
24047
24062
24068
24097
24131
24154
24155
24156
24169
24174
24176
24180
24187
24196
24197
24199
24204
24221
24245
24245
24283
24357
24360
24366
24379
24380
24399
24472
24490
24491
24496
24503
24522
24554
24568
24572
24579
24585
24619
24642
24650
24660
24662
24678
24686
24705
24713
24737
24759
24765
24765
24786
24791
24804
24806
24810
24816
24836
24847
24850
24850
24866
24884
24896
24899
24927
24947
24951
24961
24983
24989
25006
25019
25034
25040
25044
25055
25082
25115
25118
25124
25143
25146
25150
25200
25260
25269
25273
25279
25312
25324
25352
25358
25360
25396
25406
25422
25431
25432
25497
25529
25565
25579
25588
25647
25687
25693
25697
25720
25723
25726
25737
25764
25768
25784
25792
25799
25806
25814
25817
25818
25825
25840
25853
25877
25888
25915
25943
25945
25969
25970
25994
26013
26015
26031
26057
26076
26088
26092
26098
26104
26113
26147
26151
26164
26175
26205
26232
26247
26250
26295
26304
26304
26310
26325
26329
26332
26348
26361
26366
26383
26386
26408
26416
26418
26430
26433
26455
26464
26465
26466
26485
26491
26502
26517
26520
26520
26560
26568
26577
26592
26593
26599
26622
26635
26656
26669
26671
26672
26684
26745
26745
26800
26816
26827
26827
26852
26883
26889
26918
26931
26936
26955
26983
26993
26995
27002
27021
27022
27031
27051
27052
27075
27076
27092
27094
27097
27119
27130
27148
27154
27161
27168
27194
27204
27220
27221
27233
27235
27247
27248
27252
27280
27304
27312
27315
27356
27360
27375
27417
27428
27432
27469
27500
27518
27530
27534
27542
27566
27573
27578
27578
27590
27625
27646
27649
27651
27659
27674
27676
27745
27759
27765
27771
27776
27784
27785
27793
27796
27801
27802
27805
27829
27830
27857
27878
27891
27893
27909
27919
27919
27920
27925
27939
27945
27992
28000
28004
28016
28023
28033
28082
28082
28095
28099
28102
28113
28138
28149
28160
28184
28200
28221
28224
28260
28271
28292
28312
28313
28319
28324
28341
28365
28367
28393
28398
28404
28407
28414
28415
28424
28431
28433
28444
28453
28465
28469
28470
28506
28533
28536
28551
28558
28567
28614
28614
28630
28647
28650
28672
28694
28695
28742
28761
28768
28780
28788
28790
28792
28794
28795
28808
28817
28818
28828
28836
28846
28858
28883
28885
28887
28889
28895
28897
28940
28975
28979
28995
29014
29021
29030
29040
29069
29069
29083
29085
29091
29105
29110
29133
29135
29146
29160
29177
29194
29197
29197
29199
29204
29217
29218
29232
29284
29293
29294
29294
29306
29306
29307
29311
29327
29335
29361
29370
29393
29395
29405
29406
29408
29430
29471
29480
29488
29496
29496
29536
29568
29594
29608
29612
29631
29634
29644
29650
29662
29696
29712
29725
29738
29754
29781
29787
29790
29800
29801
29803
29827
29839
29847
29946
29966
29967
29983
29986
29994
30003
30003
30013
30056
30056
30068
30069
30094
30101
30103
30126
30132
30143
30148
30150
30175
30184
30197
30209
30216
30235
30247
30265
30267
30272
30274
30277
30312
30349
30350
30383
30384
30388
30395
30430
30431
30436
30467
30468
30470
30481
30493
30502
30516
30529
30534
30542
30546
30556
30564
30624
30670
30671
30681
30686
30687
30706
30708
30736
30739
30739
30747
30760
30783
30832
30843
30854
30861
30871
30883
30904
30909
30940
30944
30990
30993
30998
31011
31049
31056
31075
31099
31106
31123
31123
31147
31152
31155
31160
31171
31172
31174
31179
31181
31185
31187
31202
31210
31216
31231
31234
31238
31250
31253
31258
31295
31323
31358
31360
31360
31381
31381
31386
31432
31468
31470
31484
31484
31496
31498
31511
31512
31523
31527
31533
31555
31564
31575
31602
31616
31624
31624
31624
31648
31663
31665
31672
31675
31676
31677
31686
31689
31691
31691
31696
31702
31726
31731
31741
31745
31748
31770
31774
31795
31802
31807
31830
31851
31889
31920
31927
31945
31951
31953
31956
31956
31964
31974
31977
31978
31981
31995
31998
32003
32005
32008
32020
32042
32055
32056
32083
32097
32098
32136
32138
32142
32145
32158
32164
32174
32184
32189
32194
32210
32215
32227
32262
32273
32306
32313
32317
32329
32339
32343
32354
32355
32368
32387
32397
32405
32405
32427
32444
32448
32460
32469
32496
32509
32529
32558
32561
32562
32566
32573
32574
32597
32607
32655
32669
32683
32684
32685
32689
32724
32728
32730
32738
32740
32742
32750

