4
14
21
40
93
111
128
142
146
148
175
194
201
207
214
215
219
228
255
271
284
297
298
315
323
340
344
345
368
388
389
401
401
401
404
430
432
434
435
442
448
455
470
471
484
516
517
534
541
562
575
585
587
650
677
722
725
769
771
787
807
814
814
818
819
837
850
858
866
870
908
911
919
949
975
982
1011
1012
1053
1053
1108
1118
1162
1168
1175
1175
1176
1211
1270
1284
1285
1307
1308
1384
1389
1395
1399
1405
1406
1414
1426
1446
1470
1474
1475
1492
1495
1500
1512
1534
1565
1575
1620
1647
1647
1657
1670
1673
1681
1687
1691
1693
1701
1712
1739
1747
1764
1765
1780
1787
1807
1819
1826
1834
1838
1841
1848
1855
1923
1935
1943
1950
1960
1972
1976
1978
1987
1991
1993
1999
2008
2010
2012
2042
2078
2085
2111
2134
2144
2157
2160
2254
2264
2274
2285
2286
2293
2294
2297
2323
2323
2355
2358
2370
2410
2411
2440
2476
2493
2494
2529
2529
2532
2550
2571
2596
2613
2613
2625
2650
2657
2667
2735
2741
2741
2762
2773
2774
2776
2793
2801
2826
2836
2854
2862
2871
2872
2889
2908
2908
2929
2943
2964
2965
2967
2973
2978
2983
2984
2995
2999
3003
3016
3019
3020
3020
3039
3052
3052
3069
3070
3078
3095
3112
3115
3118
3129
3153
3157
3179
3195
3214
3224
3231
3238
3263
3266
3266
3270
3293
3304
3346
3347
3349
3384
3401
3401
3401
3402
3403
3405
3426
3426
3429
3433
3454
3468
3492
3526
3533
3547
3597
3598
3599
3605
3614
3618
3626
3632
3636
3637
3637
3664
3672
3674
3677
3681
3696
3757
3769
3769
3778
3782
3787
3855
3867
3872
3918
3926
3928
3951
3958
3972
3973
3986
4002
4013
4025
4033
4062
4063
4081
4090
4093
4098
4105
4110
4146
4159
4162
4166
4170
4184
4186
4200
4220
4224
4287
4289
4293
4293
4296
4360
4367
4381
4385
4401
4408
4409
4414
4416
4429
4462
4479
4503
4545
4556
4557
4567
4581
4615
4627
4642
4659
4707
4747
4773
4808
4809
4844
4850
4859
4881
4903
4904
4911
4942
4974
4980
4982
4998
5007
5022
5023
5023
5043
5050
5057
5070
5080
5082
5085
5088
5094
5107
5121
5122
5152
5153
5157
5162
5179
5190
5210
5220
5234
5262
5264
5272
5274
5308
5319
5319
5320
5332
5364
5367
5375
5375
5384
5396
5411
5441
5443
5447
5457
5472
5473
5522
5542
5556
5568
5591
5596
5608
5621
5622
5639
5657
5695
5707
5715
5729
5745
5750
5755
5756
5760
5771
5775
5786
5793
5876
5886
5914
5921
5932
5937
5941
5952
5956
5963
5963
5988
6007
6024
6032
6046
6049
6067
6110
6122
6133
6139
6143
6150
6167
6178
6183
6184
6197
6221
6227
6241
6284
6305
6309
6316
6316
6319
6335
6337
6348
6351
6355
6366
6368
6406
6412
6418
6428
6447
6458
6486
6493
6501
6521
6539
6605
6617
6627
6634
6642
6661
6669
6673
6719
6722
6728
6738
6757
6793
6807
6853
6858
6871
6871
6872
6876
6880
6901
6901
6902
6909
6931
6935
6942
6946
6971
7001
7016
7050
7050
7062
7066
7086
7089
7095
7098
7111
7125
7140
7141
7164
7167
7172
7175
7185
7190
7226
7231
7241
7249
7253
7271
7288
7296
7304
7322
7324
7326
7326
7368
7382
7420
7436
7436
7438
7441
7452
7466
7484
7484
7485
7495
7507
7516
7538
7546
7546
7548
7552
7562
7570
7592
7623
7657
7689
7695
7701
7735
7749
7762
7775
7776
7780
7782
7782
7787
7793
7807
7820
7831
7835
7845
7861
7872
7874
7883
7883
7936
7947
7951
7962
7964
7967
7969
8001
8002
8017
8041
8048
8050
8050
8056
8064
8065
8066
8066
8067
8080
8090
8095
8111
8122
8123
8139
8154
8161
8176
8189
8202
8220
8231
8234
8236
8240
8254
8259
8297
8340
8351
8376
8376
8409
8431
8452
8462
8484
8496
8533
8543
8562
8585
8590
8647
8659
8675
8684
8689
8700
8705
8734
8737
8740
8753
8756
8756
8757
8760
8763
8776
8778
8786
8793
8798
8799
8799
8817
8854
8861
8868
8870
8873
8881
8896
8901
8942
8943
8972
8988
8988
8991
9000
9004
9016
9025
9029
9051
9068
9083
9090
9094
9101
9121
9142
9148
9148
9158
9159
9162
9186
9202
9206
9212
9226
9232
9241
9256
9256
9257
9260
9269
9272
9275
9285
9289
9296
9348
9360
9363
9371
9379
9382
9413
9416
9422
9431
9445
9447
9453
9457
9464
9472
9490
9491
9507
9524
9538
9552
9561
9563
9569
9588
9589
9590
9598
9601
9615
9621
9631
9637
9637
9642
9649
9673
9674
9681
9690
9719
9719
9739
9745
9754
9755
9795
9802
9824
9828
9850
9853
9869
9871
9878
9883
9903
9921
9921
9922
9929
9934
9937
9956
10000
10011
10062
10064
10073
10078
10078
10080
10096
10101
10107
10116
10121
10128
10133
10148
10151
10175
10194
10195
10207
10216
10232
10238
10249
10255
10274
10293
10298
10308
10315
10320
10322
10329
10335
10386
10395
10415
10448
10511
10517
10528
10536
10538
10553
10554
10574
10649
10650
10666
10679
10686
10689
10703
10715
10720
10728
10741
10748
10761
10795
10801
10804
10806
10827
10838
10854
10865
10872
10876
10876
10877
10884
10920
10942
10974
10985
10987
10997
11003
11037
11055
11099
11100
11103
11137
11141
11186
11209
11211
11215
11232
11241
11274
11289
11293
11297
11305
11308
11328
11334
11344
11364
11378
11402
11405
11411
11423
11440
11441
11471
11476
11521
11556
11557
11578
11583
11585
11599
11614
11627
11627
11629
11654
11663
11667
11671
11680
11694
11705
11720
11737
11737
11747
11756
11760
11778
11778
11790
11817
11823
11853
11871
11873
11876
11880
11887
11896
11917
11928
11943
11955
11998
12008
12014
12058
12059
12082
12088
12096
12111
12128
12131
12198
12199
12207
12217
12251
12262
12299
12302
12325
12327
12339
12363
12376
12380
12382
12382
12385
12394
12407
12415
12454
12465
12466
12490
12498
12523
12529
12530
12536
12553
12553
12567
12569
12582
12587
12608
12609
12609
12613
12616
12625
12630
12641
12648
12667
12671
12684
12692
12697
12702
12723
12728
12732
12733
12769
12779
12794
12816
12821
12834
12852
12861
12862
12870
12873
12887
12898
12931
12945
12948
12959
12981
12994
13011
13015
13016
13018
13020
13028
13057
13062
13067
13081
13093
13095
13128
13174
13205
13264
13277
13282
13297
13300
13313
13339
13345
13351
13412
13460
13469
13479
13492
13495
13496
13497
13500
13525
13546
13548
13566
13566
13577
13582
13593
13597
13598
13598
13643
13656
13691
13697
13698
13708
13718
13718
13724
13727
13732
13743
13747
13753
13771
13792
13833
13919
13933
13948
13951
13953
13959
13973
13978
13998
14001
14003
14003
14015
14016
14033
14036
14061
14063
14070
14077
14080
14086
14089
14113
14131
14134
14142
14155
14155
14180
14193
14198
14200
14207
14220
14230
14238
14245
14262
14284
14310
14311
14320
14349
14353
14358
14364
14367
14385
14394
14410
14411
14413
14423
14423
14432
14439
14488
14492
14498
14507
14510
14518
14521
14523
14535
14542
14544
14590
14592
14593
14615
14622
14674
14675
14688
14739
14742
14748
14758
14766
14771
14784
14792
14793
14796
14801
14805
14808
14827
14837
14873
14922
14927
14933
14942
14946
14959
15027
15034
15055
15072
15096
15110
15113
15118
15143
15147
15151
15152
15162
15170
15190
15192
15192
15225
15231
15232
15256
15257
15273
15275
15282
15283
15301
15302
15302
15341
15347
15352
15361
15369
15373
15381
15400
15411
15426
15500
15506
15524
15525
15532
15539
15555
15557
15566
15581
15608
15616
15620
15623
15658
15678
15684
15697
15699
15705
15727
15734
15743
15759
15777
15779
15791
15798
15824
15836
15838
15842
15845
15864
15872
15887
15890
15890
15895
15914
15915
15919
15936
15945
15973
15973
15975
15981
15983
15986
16020
16025
16043
16075
16093
16101
16120
16160
16161
16179
16251
16256
16262
16265
16274
16280
16291
16292
16298
16314
16317
16325
16340
16365
16369
16398
16400
16423
16444
16447
16463
16493
16505
16509
16513
16541
16542
16558
16580
16587
16592
16599
16610
16637
16647
16650
16653
16657
16665
16678
16681
16697
16701
16718
16735
16745
16765
16787
16789
16794
16796
16816
16826
16851
16873
16875
16878
16883
16886
16887
16890
16896
16907
16910
16914
16949
16962
16968
16969
16971
16987
17001
17048
17055
17067
17068
17090
17093
17099
17105
17116
17119
17125
17142
17146
17146
17162
17194
17198
17217
17219
17239
17246
17256
17285
17313
17362
17369
17378
17390
17390
17391
17397
17407
17410
17415
17426
17437
17437
17493
17501
17504
17513
17524
17540
17545
17554
17558
17567
17586
17611
17645
17648
17687
17716
17718
17720
17748
17775
17790
17802
17825
17837
17886
17890
17893
17904
17907
17907
17950
17951
17963
17964
18000
18003
18030
18054
18057
18078
18109
18123
18125
18133
18151
18156
18163
18163
18178
18190
18193
18199
18201
18222
18225
18228
18244
18256
18264
18273
18293
18309
18333
18340
18357
18367
18381
18420
18433
18475
18476
18479
18485
18491
18505
18511
18512
18520
18554
18556
18606
18612
18614
18630
18638
18643
18656
18657
18666
18682
18688
18693
18693
18728
18761
18763
18771
18782
18791
18792
18793
18804
18853
18859
18883
18893
18902
18922
18925
18943
18982
19011
19012
19031
19035
19063
19085
19104
19104
19137
19173
19176
19184
19195
19203
19204
19207
19215
19250
19276
19282
19293
19304
19310
19325
19367
19443
19446
19453
19476
19495
19498
19499
19513
19519
19520
19530
19549
19565
19588
19592
19592
19630
19634
19723
19737
19755
19761
19770
19792
19797
19799
19808
19836
19847
19853
19861
19878
19879
19882
19953
19955
19957
19974
19989
19993
19995
20001
20027
20029
20030
20039
20060
20061
20063
20068
20072
20093
20110
20119
20180
20185
20187
20190
20193
20209
20215
20221
20238
20239
20244
20245
20254
20258
20262
20266
20290
20293
20308
20320
20324
20324
20339
20341
20350
20355
20372
20374
20384
20386
20401
20407
20409
20443
20444
20444
20453
20478
20479
20488
20528
20528
20540
20542
20560
20566
20577
20577
20582
20587
20590
20615
20616
20619
20647
20650
20661
20669
20686
20706
20707
20713
20724
20748
20752
20758
20758
20767
20771
20825
20829
20830
20845
20874
20906
20908
20920
20924
20956
20959
21011
21031
21031
21037
21051
21056
21060
21072
21088
21092
21094
21104
21111
21126
21149
21171
21179
21191
21199
21200
21203
21234
21268
21280
21280
21306
21308
21322
21347
21350
21360
21375
21398
21414
21420
21428
21429
21435
21435
21494
21499
21500
21511
21523
21527
21543
21561
21566
21597
21614
21622
21628
21639
21639
21658
21670
21671
21677
21689
21710
21771
21782
21794
21795
21803
21815
21823
21823
21827
21839
21847
21849
21881
21904
21916
21919
21922
21923
21946
21956
21976
21995
22006
22049
22068
22081
22105
22116
22117
22141
22158
22164
22195
22209
22213
22220
22225
22241
22271
22279
22318
22323
22329
22359
22366
22368
22402
22435
22471
22487
22492
22500
22527
22537
22614
22622
22628
22630
22635
22635
22673
22680
22703
22731
22762
22771
22788
22814
22822
22823
22849
22858
22875
22875
22876
22876
22892
22915
22960
22972
22982
22995
22997
22999
23007
23025
23050
23053
23055
23055
23099
23101
23103
23117
23128
23131
23133
23145
23169
23178
23181
23214
23264
23265
23266
23267
23282
23283
23287
23298
23327
23330
23336
23346
23372
23377
23381
23449
23471
23475
23481
23482
23509
23517
23534
23536
23548
23551
23576
23608
23611
23642
23650
23729
23729
23730
23744
23773
23776
23777
23787
23788
23802
23804
23819
23856
23862
23894
23897
23904
23920
23941
23946
24032
24042
24043
24080
24088
24119
24162
24169
24175
24188
24188
24205
24218
24232
24254
24261
24261
24269
24284
24291
24304
24310
24313
24370
24378
24394
24404
24411
24416
24474
24497
24510
24517
24519
24556
24561
24579
24599
24600
24612
24635
24656
24658
24661
24670
24672
24700
24759
24759
24764
24764
24766
24802
24809
24830
24851
24852
24852
24863
24877
24888
24891
24905
24925
24937
24938
24959
24972
24987
25003
25017
25037
25047
25055
25057
25064
25069
25070
25088
25097
25110
25110
25132
25149
25162
25166
25173
25177
25178
25178
25266
25268
25273
25277
25327
25336
25341
25354
25356
25356
25361
25365
25390
25407
25415
25439
25441
25461
25472
25478
25484
25493
25516
25534
25536
25554
25570
25575
25600
25625
25638
25677
25680
25686
25708
25752
25794
25821
25843
25848
25856
25868
25876
25894
25898
25904
25915
25923
25937
25972
25973
25974
25978
25981
25982
25985
25993
25997
26012
26061
26079
26083
26088
26093
26122
26144
26152
26160
26172
26185
26260
26273
26277
26283
26293
26293
26309
26336
26353
26370
26376
26377
26380
26381
26385
26398
26399
26405
26453
26457
26458
26461
26486
26487
26523
26533
26540
26554
26562
26603
26647
26652
26670
26680
26704
26725
26743
26763
26768
26769
26790
26798
26830
26840
26840
26857
26860
26871
26918
26920
26924
26925
26936
26958
26959
26963
26966
26970
26983
26992
26995
26997
27005
27022
27061
27064
27064
27069
27076
27086
27129
27142
27176
27180
27212
27223
27231
27231
27236
27241
27269
27273
27286
27308
27338
27355
27372
27377
27382
27390
27391
27392
27398
27401
27402
27408
27423
27425
27426
27431
27441
27457
27465
27467
27492
27493
27497
27528
27535
27586
27590
27616
27616
27636
27653
27679
27776
27805
27811
27827
27869
27877
27900
27902
27912
27935
27964
27965
27974
27979
27995
27998
27999
28003
28007
28029
28034
28049
28053
28059
28124
28128
28159
28187
28194
28211
28212
28233
28239
28240
28246
28262
28324
28338
28346
28361
28363
28366
28367
28383
28392
28397
28398
28422
28438
28447
28452
28461
28467
28514
28544
28610
28614
28632
28637
28645
28654
28665
28689
28699
28700
28720
28724
28747
28748
28753
28786
28802
28804
28818
28851
28859
28865
28875
28876
28878
28890
28907
28918
28930
28940
28964
28972
28996
29001
29003
29020
29050
29072
29106
29108
29121
29129
29131
29146
29162
29174
29193
29209
29299
29312
29318
29333
29341
29355
29374
29381
29383
29384
29393
29413
29418
29431
29433
29441
29443
29480
29497
29500
29504
29513
29519
29519
29555
29563
29595
29604
29617
29623
29624
29632
29637
29646
29652
29676
29678
29687
29697
29706
29707
29717
29718
29718
29722
29731
29734
29751
29762
29822
29830
29863
29881
29881
29894
29895
29904
29906
29924
29928
29943
29948
29960
29964
29964
29977
29990
30001
30002
30013
30027
30052
30055
30072
30090
30118
30122
30130
30189
30192
30195
30198
30201
30204
30213
30218
30225
30230
30232
30246
30248
30251
30269
30298
30328
30344
30350
30356
30376
30416
30425
30433
30444
30449
30453
30461
30485
30488
30491
30498
30500
30509
30523
30528
30544
30548
30558
30562
30568
30586
30592
30596
30605
30610
30616
30632
30644
30647
30647
30663
30668
30697
30700
30717
30725
30750
30754
30763
30774
30780
30788
30792
30811
30812
30820
30833
30840
30859
30866
30881
30889
30897
30907
30936
30941
30995
30995
30998
31052
31058
31072
31073
31097
31106
31117
31118
31121
31134
31189
31195
31199
31230
31245
31271
31294
31305
31323
31329
31345
31345
31355
31364
31373
31374
31382
31389
31396
31411
31411
31431
31439
31454
31465
31480
31481
31510
31526
31536
31548
31553
31561
31568
31573
31576
31581
31597
31598
31606
31610
31621
31627
31629
31635
31637
31647
31652
31662
31691
31703
31703
31723
31727
31750
31753
31753
31772
31800
31803
31806
31827
31865
31877
31883
31892
31924
31931
31936
31983
31988
32024
32033
32044
32050
32054
32057
32062
32073
32117
32118
32127
32128
32130
32138
32148
32158
32169
32187
32188
32194
32213
32245
32253
32299
32305
32318
32326
32334
32337
32339
32341
32365
32371
32374
32374
32391
32407
32407
32547
32555
32573
32578
32589
32614
32624
32629
32630
32635
32682
32704
32720
32737
32754

