17
26
27
34
56
59
60
66
110
112
118
136
138
142
147
157
159
160
183
185
186
193
196
205
209
218
244
249
266
269
278
293
318
325
325
330
341
378
384
408
409
444
448
449
449
455
494
513
521
522
546
552
559
575
582
629
639
649
663
665
672
691
694
706
739
741
741
753
763
796
806
817
820
826
829
852
891
941
986
994
996
1009
1029
1031
1036
1039
1050
1085
1087
1093
1107
1114
1114
1132
1181
1197
1201
1201
1202
1205
1219
1222
1257
1281
1295
1303
1306
1337
1340
1347
1360
1372
1382
1382
1383
1406
1409
1423
1425
1431
1445
1480
1481
1482
1484
1499
1509
1515
1516
1526
1533
1536
1537
1539
1559
1599
1622
1669
1672
1690
1720
1721
1721
1726
1726
1731
1738
1771
1790
1825
1830
1833
1833
1859
1864
1882
1898
1912
1913
1926
1953
1969
2016
2017
2024
2028
2031
2034
2051
2132
2156
2167
2177
2186
2187
2214
2220
2224
2226
2226
2235
2246
2249
2257
2267
2279
2294
2309
2339
2349
2366
2372
2391
2391
2398
2409
2465
2474
2478
2488
2489
2511
2515
2543
2548
2575
2593
2595
2607
2611
2622
2638
2672
2709
2763
2767
2781
2805
2829
2832
2870
2895
2896
2898
2904
2907
2909
2911
2917
2949
2955
2984
2994
2995
2996
2999
3001
3035
3041
3042
3068
3087
3088
3089
3090
3096
3097
3100
3108
3113
3133
3158
3172
3194
3222
3264
3279
3287
3289
3322
3351
3366
3387
3416
3439
3443
3451
3463
3473
3475
3479
3518
3560
3560
3563
3576
3590
3599
3605
3615
3640
3643
3650
3652
3672
3708
3709
3727
3735
3738
3791
3824
3827
3835
3860
3876
3888
3908
3911
3920
3923
3925
3938
3957
3980
3989
4005
4035
4041
4053
4067
4068
4071
4077
4078
4100
4106
4115
4116
4149
4156
4164
4171
4175
4188
4204
4210
4215
4218
4221
4238
4246
4248
4260
4263
4316
4321
4328
4335
4340
4343
4358
4367
4371
4372
4381
4446
4456
4470
4502
4512
4518
4521
4527
4527
4531
4542
4550
4566
4577
4623
4640
4645
4649
4657
4679
4686
4692
4709
4755
4764
4771
4775
4812
4840
4843
4844
4865
4875
4876
4879
4881
4890
4891
4909
4910
4912
4914
4931
4956
4968
4968
4970
4972
4975
4986
4999
5008
5015
5017
5022
5033
5036
5056
5058
5058
5059
5059
5064
5069
5080
5090
5092
5100
5120
5124
5131
5138
5143
5147
5175
5181
5195
5199
5203
5205
5228
5230
5244
5286
5288
5294
5298
5319
5366
5368
5368
5389
5393
5470
5487
5497
5500
5506
5536
5560
5570
5589
5605
5615
5624
5634
5642
5643
5673
5677
5680
5682
5711
5719
5722
5732
5739
5749
5766
5779
5790
5800
5812
5817
5831
5833
5854
5861
5863
5873
5880
5903
5908
5909
5910
5916
5953
5970
5982
5991
5999
6006
6006
6012
6023
6026
6055
6056
6056
6061
6063
6078
6099
6107
6107
6113
6135
6135
6153
6182
6188
6210
6210
6216
6228
6249
6273
6285
6306
6319
6322
6322
6331
6338
6342
6362
6367
6391
6392
6395
6400
6411
6419
6425
6428
6436
6448
6465
6481
6505
6505
6565
6593
6603
6605
6611
6627
6638
6639
6650
6657
6658
6670
6672
6680
6680
6685
6686
6702
6709
6712
6722
6739
6745
6747
6753
6775
6785
6819
6832
6881
6882
6887
6898
6901
6908
6911
6916
6923
6930
6971
7006
7024
7048
7055
7063
7077
7083
7096
7097
7097
7099
7107
7112
7124
7126
7150
7150
7186
7205
7207
7210
7226
7281
7286
7313
7318
7345
7354
7365
7393
7412
7445
7456
7496
7497
7520
7535
7556
7560
7564
7567
7614
7631
7653
7672
7678
7687
7714
7722
7776
7782
7785
7789
7793
7819
7820
7856
7888
7901
7934
7934
7940
7941
8004
8005
8011
8016
8027
8034
8061
8083
8089
8110
8116
8130
8139
8144
8177
8181
8197
8203
8209
8226
8227
8236
8246
8251
8257
8262
8277
8284
8301
8301
8309
8310
8317
8318
8320
8333
8340
8349
8363
8364
8367
8381
8383
8395
8396
8409
8421
8424
8443
8457
8477
8482
8492
8519
8525
8531
8533
8541
8551
8555
8574
8601
8611
8642
8652
8670
8705
8725
8749
8750
8767
8774
8777
8780
8781
8784
8785
8790
8803
8811
8812
8823
8853
8857
8872
8874
8883
8890
8895
8899
8924
8941
8969
8981
8983
8990
9005
9021
9033
9044
9063
9073
9118
9134
9179
9223
9230
9241
9259
9259
9262
9262
9269
9287
9301
9311
9329
9333
9335
9357
9365
9396
9424
9426
9430
9432
9475
9502
9507
9509
9526
9531
9542
9542
9552
9555
9561
9578
9593
9597
9626
9644
9646
9655
9747
9755
9758
9760
9762
9762
9783
9793
9813
9869
9876
9882
9886
9887
9933
9954
9981
9983
9985
10007
10008
10028
10031
10042
10054
10096
10107
10116
10143
10165
10166
10168
10185
10194
10199
10205
10228
10232
10258
10270
10285
10292
10294
10320
10328
10336
10345
10348
10358
10361
10374
10403
10406
10409
10413
10437
10460
10473
10477
10485
10534
10541
10563
10571
10572
10576
10587
10597
10598
10611
10620
10645
10652
10662
10664
10696
10710
10723
10723
10734
10739
10753
10756
10769
10777
10784
10814
10818
10849
10875
10904
10919
10947
10949
10949
10969
10970
10975
10977
10977
10979
10996
10997
11001
11014
11018
11024
11031
11033
11054
11064
11083
11089
11106
11115
11119
11125
11131
11169
11174
11186
11203
11203
11207
11219
11231
11235
11254
11291
11303
11303
11313
11314
11315
11336
11342
11345
11366
11369
11377
11400
11405
11420
11424
11427
11429
11463
11465
11466
11491
11501
11511
11523
11564
11569
11570
11605
11608
11610
11628
11640
11644
11669
11692
11726
11734
11764
11775
11799
11801
11805
11808
11809
11826
11834
11880
11906
11918
11918
11927
11943
11953
11954
11958
11969
11971
12000
12023
12026
12048
12071
12083
12118
12121
12126
12162
12164
12193
12210
12218
12220
12220
12265
12281
12283
12292
12297
12309
12353
12378
12395
12407
12422
12426
12430
12436
12438
12441
12462
12465
12481
12496
12500
12500
12504
12505
12505
12534
12551
12556
12564
12566
12575
12580
12586
12601
12603
12631
12632
12650
12650
12674
12681
12685
12716
12721
12753
12765
12766
12769
12810
12813
12820
12838
12847
12862
12891
12900
12913
12915
12921
12921
12923
12928
12929
12931
12934
12934
12942
12950
12954
12954
12954
12960
12979
13027
13031
13048
13050
13054
13080
13108
13116
13118
13121
13125
13160
13164
13165
13172
13188
13221
13224
13233
13249
13250
13335
13340
13353
13367
13377
13379
13389
13389
13400
13413
13452
13464
13468
13477
13488
13495
13496
13515
13516
13525
13536
13543
13545
13562
13567
13571
13584
13590
13597
13601
13602
13606
13611
13625
13626
13626
13650
13661
13674
13679
13689
13691
13693
13704
13721
13726
13733
13734
13758
13768
13785
13819
13824
13864
13873
13875
13878
13903
13912
13913
13925
13928
13928
13939
13944
13950
13954
13957
13958
13960
13999
14019
14022
14024
14045
14061
14067
14068
14115
14121
14136
14141
14167
14202
14219
14223
14230
14233
14233
14235
14242
14244
14245
14259
14270
14275
14282
14285
14298
14303
14305
14323
14328
14334
14334
14335
14342
14360
14361
14370
14375
14392
14429
14430
14435
14481
14483
14486
14491
14501
14502
14504
14505
14523
14527
14531
14545
14552
14558
14562
14567
14568
14596
14620
14627
14647
14657
14675
14686
14687
14700
14707
14747
14748
14749
14753
14758
14759
14759
14778
14825
14826
14835
14846
14852
14862
14872
14878
14893
14913
14913
14915
14919
14925
14935
14935
14936
14944
14947
14968
14999
15029
15039
15052
15063
15103
15110
15136
15143
15152
15192
15192
15198
15204
15211
15229
15236
15241
15248
15267
15273
15289
15306
15308
15342
15344
15351
15375
15376
15424
15455
15465
15520
15578
15604
15623
15625
15629
15631
15705
15733
15734
15749
15750
15754
15770
15797
15825
15837
15852
15873
15883
15893
15912
15933
15943
15977
15998
16000
16000
16004
16011
16020
16037
16046
16114
16119
16128
16131
16143
16180
16181
16232
16234
16243
16249
16251
16273
16278
16279
16303
16304
16311
16320
16323
16329
16363
16368
16379
16397
16418
16421
16424
16427
16448
16455
16457
16474
16509
16532
16554
16582
16602
16608
16609
16614
16617
16651
16667
16684
16685
16691
16693
16703
16740
16773
16780
16781
16781
16783
16803
16818
16821
16841
16852
16854
16860
16867
16903
16915
16969
16979
16982
16983
17010
17017
17023
17027
17032
17036
17037
17052
17066
17098
17117
17120
17183
17190
17218
17252
17266
17281
17297
17302
17304
17346
17349
17353
17373
17373
17387
17418
17422
17424
17465
17466
17491
17511
17516
17520
17527
17548
17552
17585
17592
17593
17598
17607
17628
17636
17662
17677
17681
17687
17687
17688
17736
17753
17765
17788
17799
17805
17820
17837
17839
17845
17869
17870
17875
17886
17893
17896
17911
17918
17930
17933
17940
17945
18001
18004
18008
18009
18060
18061
18091
18093
18103
18104
18172
18199
18233
18236
18253
18274
18278
18280
18281
18338
18357
18381
18416
18420
18422
18425
18453
18504
18512
18523
18527
18535
18604
18608
18628
18660
18668
18674
18679
18706
18710
18710
18740
18746
18781
18818
18821
18861
18877
18893
18972
18978
18987
18991
18999
19005
19029
19046
19059
19083
19086
19090
19139
19145
19156
19166
19181
19188
19191
19207
19256
19287
19293
19297
19300
19320
19349
19369
19375
19378
19394
19412
19421
19431
19453
19470
19474
19505
19507
19508
19530
19533
19537
19552
19560
19579
19612
19636
19639
19640
19659
19663
19699
19701
19708
19715
19718
19754
19762
19766
19768
19778
19789
19808
19815
19817
19818
19823
19833
19860
19884
19887
19927
19942
19955
19963
19971
19973
19982
19983
19996
20014
20030
20034
20065
20133
20135
20138
20144
20147
20149
20175
20196
20230
20231
20256
20257
20268
20274
20278
20309
20309
20337
20352
20364
20388
20422
20427
20440
20446
20448
20472
20501
20507
20527
20536
20537
20561
20567
20574
20575
20606
20613
20629
20641
20647
20661
20682
20688
20709
20729
20777
20806
20814
20839
20841
20845
20869
20871
20878
20879
20891
20892
20899
20913
20918
20936
20953
20962
20962
20975
21009
21016
21018
21033
21035
21041
21082
21100
21104
21112
21119
21141
21171
21173
21190
21200
21249
21255
21256
21287
21300
21308
21332
21337
21342
21345
21372
21373
21374
21376
21378
21401
21402
21410
21431
21433
21437
21454
21458
21462
21469
21504
21516
21551
21554
21554
21558
21563
21573
21580
21584
21589
21604
21619
21644
21656
21684
21688
21711
21745
21750
21753
21788
21792
21799
21804
21827
21840
21846
21848
21851
21865
21869
21872
21885
21886
21898
21933
21935
21938
21967
21994
21996
22027
22037
22039
22060
22063
22078
22080
22081
22089
22107
22124
22128
22142
22147
22158
22172
22208
22227
22228
22232
22239
22248
22252
22262
22283
22310
22318
22335
22336
22337
22339
22343
22365
22385
22389
22397
22403
22409
22410
22433
22434
22441
22441
22459
22460
22465
22471
22472
22472
22476
22477
22484
22497
22500
22501
22508
22512
22513
22517
22527
22559
22566
22571
22587
22595
22605
22624
22644
22661
22679
22699
22716
22723
22739
22746
22749
22750
22773
22783
22791
22807
22809
22842
22851
22863
22878
22879
22905
22927
22959
22978
22979
22982
22999
22999
23006
23013
23018
23040
23062
23066
23070
23072
23087
23089
23123
23132
23138
23154
23178
23186
23210
23212
23214
23221
23238
23255
23279
23282
23285
23292
23297
23297
23297
23299
23330
23340
23357
23378
23412
23413
23415
23430
23441
23447
23457
23460
23460
23493
23516
23519
23526
23540
23541
23548
23551
23576
23609
23611
23616
23616
23660
23672
23679
23680
23686
23686
23703
23707
23752
23772
23809
23823
23834
23834
23849
23868
23875
23894
23909
23938
23949
23952
23973
23981
23993
23995
24013
24045
24059
24063
24078
24079
24105
24126
24128
24137
24138
24152
24161
24161
24171
24179
24186
24194
24198
24209
24219
24223
24243
24270
24295
24299
24303
24319
24331
24336
24342
24378
24399
24435
24443
24466
24492
24519
24525
24531
24537
24557
24565
24565
24566
24600
24608
24613
24654
24690
24691
24700
24724
24746
24764
24824
24875
24897
24906
24916
24924
24933
24946
25002
25003
25024
25034
25040
25046
25049
25056
25063
25069
25082
25097
25115
25126
25137
25153
25154
25162
25199
25217
25218
25252
25294
25297
25305
25312
25314
25322
25326
25329
25337
25356
25370
25396
25406
25416
25444
25481
25484
25493
25501
25502
25527
25553
25557
25559
25571
25589
25592
25598
25616
25616
25616
25626
25671
25674
25686
25691
25709
25729
25732
25739
25749
25786
25845
25865
25874
25878
25920
25922
25942
25943
25947
25949
25965
25966
25970
26004
26017
26023
26066
26074
26076
26118
26120
26133
26149
26155
26170
26183
26208
26226
26248
26250
26272
26292
26295
26300
26326
26347
26364
26374
26444
26460
26468
26495
26497
26504
26511
26529
26538
26542
26572
26580
26597
26623
26626
26634
26645
26674
26688
26718
26726
26734
26738
26743
26775
26777
26792
26797
26801
26811
26811
26812
26852
26867
26902
26904
26914
26931
26947
26958
26965
26972
26990
27006
27040
27040
27060
27061
27069
27070
27072
27085
27110
27118
27120
27139
27165
27171
27193
27199
27200
27238
27259
27292
27294
27304
27307
27316
27325
27331
27334
27359
27372
27384
27387
27389
27392
27396
27401
27418
27420
27483
27491
27506
27509
27512
27513
27524
27542
27544
27549
27561
27595
27599
27624
27630
27671
27676
27697
27699
27714
27728
27758
27762
27775
27790
27793
27795
27796
27808
27821
27827
27836
27837
27864
27871
27880
27885
27889
27908
27913
27932
27934
27947
27965
27968
27971
27972
27986
27999
28005
28006
28009
28017
28041
28050
28058
28100
28105
28114
28141
28146
28159
28160
28168
28170
28196
28198
28202
28211
28211
28214
28217
28221
28227
28238
28238
28240
28253
28284
28285
28289
28305
28309
28313
28315
28322
28339
28344
28362
28384
28386
28419
28419
28429
28441
28441
28456
28496
28497
28504
28523
28533
28566
28567
28573
28574
28575
28601
28604
28629
28631
28654
28787
28799
28822
28829
28841
28846
28850
28850
28862
28878
28888
28892
28900
28905
28946
28967
28975
29003
29004
29021
29027
29041
29044
29046
29061
29067
29068
29093
29103
29114
29118
29118
29125
29148
29161
29186
29190
29214
29222
29258
29258
29287
29291
29310
29331
29342
29346
29350
29354
29356
29356
29358
29362
29379
29441
29442
29445
29455
29486
29524
29537
29551
29552
29593
29595
29614
29633
29644
29651
29662
29666
29670
29686
29689
29693
29698
29704
29713
29717
29719
29721
29757
29772
29851
29855
29857
29876
29879
29886
29909
29934
29936
30012
30015
30031
30049
30059
30064
30085
30104
30125
30159
30163
30186
30193
30198
30221
30237
30242
30268
30307
30312
30341
30384
30389
30395
30406
30421
30421
30424
30426
30457
30460
30466
30472
30496
30516
30550
30566
30573
30575
30585
30591
30596
30620
30622
30625
30647
30649
30654
30674
30689
30769
30777
30782
30788
30791
30809
30810
30839
30840
30843
30843
30930
30942
30957
30964
30970
30978
30987
30992
30997
31009
31010
31026
31056
31079
31084
31113
31113
31137
31217
31230
31251
31255
31297
31302
31302
31302
31303
31314
31320
31326
31337
31350
31355
31376
31390
31406
31414
31420
31426
31476
31493
31494
31512
31534
31547
31559
31568
31572
31578
31613
31623
31629
31653
31660
31660
31689
31702
31706
31711
31758
31802
31810
31859
31862
31865
31884
31896
31897
31917
31922
31926
31939
31960
31980
32014
32015
32016
32021
32023
32030
32046
32046
32049
32055
32058
32061
32078
32088
32110
32120
32121
32122
32126
32151
32177
32194
32196
32224
32235
32292
32294
32311
32353
32361
32383
32421
32431
32440
32442
32453
32464
32470
32471
32485
32493
32547
32587
32613
32618
32622
32631
32631
32653
32655
32682
32685
32703
32707
32720
32730

