23
28
74
78
80
98
105
160
177
182
192
204
218
219
230
253
262
301
314
315
340
348
349
357
381
393
403
405
428
435
440
449
460
492
500
527
536
543
566
572
576
580
588
602
603
606
607
610
622
642
659
676
692
702
703
716
718
726
747
748
748
750
779
791
805
809
811
820
822
833
836
838
840
849
849
869
869
895
900
909
921
979
982
992
995
997
1002
1003
1014
1085
1094
1108
1128
1148
1154
1161
1166
1169
1202
1204
1224
1235
1240
1240
1242
1243
1245
1245
1259
1264
1271
1272
1298
1307
1309
1315
1317
1319
1324
1329
1366
1368
1370
1403
1407
1410
1430
1431
1461
1468
1473
1474
1480
1486
1496
1501
1505
1508
1512
1528
1558
1565
1580
1596
1598
1604
1650
1656
1665
1674
1677
1691
1704
1725
1756
1771
1771
1779
1806
1811
1816
1821
1835
1866
1887
1892
1892
1894
1896
1910
1924
1927
1934
1978
1979
1983
1985
1993
1995
2004
2009
2044
2070
2078
2094
2100
2116
2121
2134
2147
2150
2153
2168
2186
2189
2204
2206
2266
2279
2301
2306
2310
2320
2334
2337
2339
2360
2381
2403
2441
2454
2487
2516
2535
2541
2542
2592
2592
2610
2623
2653
2680
2707
2718
2754
2791
2791
2794
2800
2811
2836
2841
2849
2866
2870
2878
2884
2918
2957
2984
2986
3011
3011
3034
3038
3065
3113
3116
3150
3177
3178
3189
3191
3196
3197
3204
3213
3230
3233
3234
3249
3255
3284
3294
3303
3308
3312
3325
3348
3375
3382
3386
3389
3414
3425
3473
3480
3501
3510
3510
3550
3560
3578
3619
3628
3645
3700
3710
3737
3778
3779
3789
3816
3821
3851
3854
3855
3859
3865
3887
3898
3903
3913
3925
3933
3938
3962
3968
3979
3993
4006
4008
4012
4014
4017
4057
4059
4091
4161
4177
4183
4186
4191
4211
4221
4243
4270
4287
4297
4325
4326
4332
4338
4374
4382
4399
4431
4483
4483
4488
4490
4498
4509
4535
4548
4564
4583
4587
4600
4613
4618
4627
4642
4661
4664
4677
4683
4684
4688
4694
4702
4705
4729
4730
4740
4761
4775
4781
4782
4785
4823
4834
4841
4843
4899
4920
4922
4944
4946
4964
4965
4968
4970
4994
5036
5080
5085
5107
5109
5114
5123
5145
5153
5166
5184
5187
5207
5223
5240
5248
5257
5259
5272
5283
5283
5298
5368
5376
5385
5390
5393
5401
5404
5437
5455
5474
5487
5501
5534
5602
5643
5653
5664
5680
5708
5709
5716
5750
5769
5774
5777
5784
5795
5829
5829
5832
5833
5861
5908
5920
5928
5937
5938
5949
5959
5980
5984
5987
5998
5999
6015
6041
6041
6048
6053
6054
6057
6070
6163
6163
6213
6225
6229
6233
6253
6262
6271
6276
6325
6328
6337
6361
6389
6420
6428
6450
6454
6458
6470
6474
6484
6494
6499
6512
6514
6573
6574
6583
6596
6602
6616
6622
6686
6690
6711
6711
6712
6746
6749
6750
6752
6756
6759
6785
6795
6798
6819
6844
6846
6866
6869
6871
6888
6899
6909
6917
6927
6935
6958
6977
6991
6995
7009
7024
7039
7057
7095
7106
7141
7162
7166
7194
7200
7223
7223
7234
7245
7251
7266
7278
7282
7292
7305
7306
7310
7335
7338
7339
7347
7353
7354
7364
7373
7374
7385
7388
7420
7427
7438
7446
7467
7514
7516
7550
7565
7573
7579
7581
7622
7649
7695
7729
7746
7756
7761
7782
7791
7807
7829
7840
7867
7869
7871
7903
7920
7924
7931
7961
7981
8004
8005
8006
8011
8013
8035
8047
8056
8069
8091
8102
8105
8114
8135
8136
8152
8152
8153
8161
8168
8172
8174
8187
8206
8210
8215
8227
8229
8237
8248
8257
8262
8278
8279
8287
8291
8307
8322
8327
8345
8352
8367
8368
8376
8381
8382
8391
8403
8410
8412
8423
8425
8436
8445
8447
8447
8449
8452
8454
8460
8466
8469
8473
8487
8490
8504
8509
8546
8555
8569
8597
8602
8604
8604
8604
8608
8639
8653
8713
8747
8759
8778
8780
8781
8799
8813
8851
8871
8885
8913
8933
8935
8935
8954
8956
8984
8992
9006
9021
9030
9032
9033
9034
9066
9074
9081
9082
9093
9103
9115
9120
9138
9140
9152
9162
9184
9206
9208
9208
9210
9218
9220
9239
9254
9267
9285
9309
9317
9319
9333
9369
9377
9396
9399
9452
9457
9461
9463
9466
9468
9488
9489
9491
9498
9502
9507
9526
9529
9536
9537
9564
9571
9572
9584
9621
9641
9646
9652
9663
9672
9701
9703
9711
9711
9755
9757
9792
9822
9829
9831
9843
9859
9887
9891
9909
9922
9928
9933
9935
9938
9940
9980
10038
10046
10059
10086
10117
10126
10130
10137
10138
10145
10157
10165
10172
10199
10230
10234
10251
10265
10269
10304
10304
10325
10331
10394
10401
10402
10418
10449
10459
10465
10480
10514
10568
10580
10620
10637
10641
10646
10653
10675
10718
10735
10741
10764
10769
10777
10779
10787
10827
10830
10842
10843
10863
10866
10873
10880
10884
10887
10909
10938
10943
10960
10979
10981
11010
11055
11055
11056
11056
11063
11068
11070
11073
11074
11114
11114
11116
11127
11130
11139
11160
11192
11198
11199
11206
11218
11236
11246
11247
11252
11254
11263
11282
11285
11288
11292
11300
11312
11336
11336
11360
11361
11361
11363
11375
11384
11390
11392
11394
11399
11414
11437
11455
11466
11494
11504
11510
11512
11515
11537
11544
11555
11556
11610
11613
11620
11631
11669
11678
11681
11689
11711
11717
11727
11749
11755
11775
11806
11809
11814
11821
11822
11823
11862
11863
11865
11875
11880
11904
11947
11957
11957
11960
11963
11974
11978
11994
12020
12032
12043
12049
12077
12078
12080
12099
12116
12139
12145
12152
12156
12175
12183
12183
12208
12216
12229
12242
12267
12269
12276
12285
12288
12304
12315
12329
12346
12348
12359
12380
12393
12396
12399
12410
12411
12503
12503
12509
12519
12533
12537
12558
12559
12564
12587
12603
12604
12609
12640
12643
12655
12662
12664
12678
12684
12687
12705
12711
12713
12717
12745
12760
12771
12776
12782
12783
12793
12800
12808
12818
12829
12838
12845
12870
12897
12903
12910
12948
12953
12995
13014
13062
13072
13092
13108
13108
13116
13132
13144
13166
13200
13206
13216
13224
13233
13252
13280
13304
13331
13364
13375
13396
13451
13486
13493
13520
13546
13585
13595
13599
13603
13608
13617
13633
13645
13659
13662
13673
13676
13696
13701
13708
13708
13735
13740
13741
13744
13753
13755
13760
13775
13795
13801
13814
13830
13830
13833
13834
13839
13861
13886
13896
13898
13912
13933
13938
13951
13961
13963
13977
13978
13987
13994
14003
14027
14051
14057
14063
14063
14070
14110
14113
14117
14131
14140
14147
14170
14176
14209
14226
14227
14244
14263
14264
14268
14308
14330
14361
14371
14380
14394
14398
14414
14427
14449
14471
14472
14482
14488
14490
14497
14507
14544
14547
14567
14567
14572
14582
14590
14610
14614
14630
14632
14644
14665
14670
14674
14736
14754
14770
14774
14774
14781
14803
14805
14808
14838
14854
14872
14874
14899
14901
14920
14924
14929
14940
14949
14964
14968
15004
15017
15035
15042
15045
15046
15052
15056
15064
15081
15111
15157
15165
15187
15194
15201
15204
15204
15209
15215
15226
15237
15259
15262
15269
15269
15287
15310
15311
15339
15345
15350
15361
15374
15395
15399
15409
15430
15430
15433
15455
15460
15463
15475
15491
15515
15515
15568
15580
15596
15600
15616
15638
15659
15662
15674
15675
15695
15695
15711
15724
15725
15726
15741
15779
15780
15802
15810
15834
15838
15844
15870
15882
15899
15917
15923
15940
15966
15980
15997
16005
16005
16006
16007
16013
16025
16034
16049
16051
16081
16093
16133
16136
16142
16156
16165
16188
16198
16222
16224
16225
16234
16265
16266
16309
16313
16316
16340
16349
16356
16374
16377
16388
16400
16421
16426
16426
16427
16479
16479
16481
16499
16506
16508
16533
16543
16546
16587
16598
16609
16611
16639
16655
16657
16673
16680
16691
16695
16704
16707
16748
16758
16760
16765
16797
16820
16825
16867
16868
16888
16888
16892
16912
16916
16933
16944
16953
16974
16976
17002
17021
17031
17049
17073
17079
17096
17109
17111
17125
17169
17170
17171
17219
17219
17227
17241
17241
17249
17258
17261
17279
17291
17292
17324
17355
17355
17359
17381
17381
17418
17421
17438
17440
17447
17476
17492
17506
17510
17511
17537
17538
17542
17546
17557
17561
17567
17573
17588
17588
17590
17611
17614
17626
17640
17645
17655
17663
17685
17692
17695
17741
17756
17758
17760
17783
17797
17822
17824
17829
17833
17882
17926
17935
17950
17963
18015
18020
18027
18034
18049
18059
18070
18081
18103
18131
18138
18146
18154
18161
18163
18173
18185
18186
18205
18209
18218
18244
18258
18263
18270
18284
18331
18362
18379
18386
18387
18389
18418
18460
18477
18483
18496
18497
18502
18511
18516
18519
18523
18525
18534
18538
18538
18538
18611
18621
18631
18635
18653
18661
18686
18715
18717
18725
18743
18760
18761
18779
18798
18799
18885
18894
18905
18914
18926
18930
18940
18950
18965
18995
19011
19014
19016
19043
19048
19069
19071
19072
19084
19090
19144
19158
19175
19184
19189
19192
19209
19220
19225
19232
19254
19256
19259
19273
19290
19297
19331
19342
19369
19378
19387
19392
19398
19400
19431
19451
19472
19474
19497
19507
19536
19541
19549
19552
19552
19578
19578
19578
19581
19589
19607
19621
19628
19687
19691
19717
19727
19732
19750
19758
19758
19762
19827
19839
19842
19859
19860
19863
19887
19897
19912
19921
19929
19931
19959
19972
19978
20010
20021
20066
20068
20070
20089
20102
20152
20174
20178
20204
20206
20214
20226
20237
20264
20294
20308
20329
20345
20349
20350
20395
20402
20442
20443
20456
20460
20465
20481
20481
20512
20536
20545
20587
20600
20632
20634
20670
20686
20691
20719
20725
20726
20733
20774
20777
20786
20795
20807
20816
20819
20828
20834
20834
20860
20870
20871
20876
20883
20893
20894
20900
20927
20953
20982
20992
21001
21031
21033
21040
21060
21078
21090
21097
21103
21103
21106
21107
21141
21165
21174
21187
21194
21197
21222
21239
21249
21257
21263
21264
21271
21281
21308
21311
21325
21328
21351
21368
21369
21372
21388
21393
21402
21402
21408
21416
21430
21431
21445
21458
21463
21473
21479
21497
21525
21540
21544
21547
21570
21575
21575
21590
21611
21620
21623
21630
21640
21641
21647
21671
21672
21678
21699
21700
21704
21733
21752
21757
21785
21790
21791
21813
21827
21856
21866
21868
21870
21887
21894
21907
21909
21939
21944
21950
21960
21970
21984
21990
22008
22012
22012
22040
22041
22056
22063
22065
22073
22091
22107
22108
22113
22133
22140
22152
22152
22159
22166
22168
22170
22196
22214
22229
22240
22250
22258
22263
22271
22322
22325
22330
22353
22353
22361
22395
22445
22453
22458
22468
22478
22482
22512
22543
22563
22564
22577
22604
22623
22647
22675
22678
22688
22688
22696
22705
22705
22740
22749
22749
22755
22769
22779
22802
22819
22843
22845
22872
22883
22885
22903
22929
22948
22953
23006
23007
23020
23026
23037
23038
23043
23066
23076
23113
23150
23206
23211
23220
23224
23246
23261
23270
23287
23311
23375
23379
23379
23382
23389
23398
23430
23469
23483
23484
23495
23501
23513
23517
23521
23585
23590
23591
23602
23611
23611
23633
23659
23672
23678
23705
23705
23706
23732
23735
23760
23789
23799
23799
23808
23809
23854
23872
23908
23932
23948
23973
23987
23991
23999
24004
24014
24037
24059
24066
24067
24070
24072
24095
24099
24101
24127
24129
24142
24164
24168
24187
24222
24267
24274
24277
24278
24286
24291
24314
24331
24341
24349
24351
24365
24389
24406
24410
24423
24439
24442
24444
24447
24459
24460
24468
24483
24498
24504
24506
24506
24514
24527
24531
24543
24578
24588
24628
24640
24651
24659
24661
24677
24688
24702
24702
24733
24746
24767
24787
24788
24830
24857
24859
24862
24880
24915
24925
24937
24947
24953
24962
24964
24970
24996
24997
25003
25005
25017
25032
25034
25036
25040
25046
25056
25057
25060
25062
25077
25084
25095
25106
25142
25146
25148
25170
25183
25186
25193
25194
25208
25218
25219
25235
25286
25292
25296
25302
25307
25309
25333
25347
25362
25380
25382
25385
25394
25398
25418
25452
25476
25480
25489
25500
25503
25504
25523
25527
25543
25546
25546
25550
25553
25555
25556
25559
25578
25591
25611
25619
25656
25659
25662
25662
25669
25674
25678
25693
25699
25701
25706
25708
25710
25713
25727
25750
25750
25752
25754
25755
25757
25800
25808
25819
25830
25834
25845
25845
25868
25919
25919
25926
25932
25938
25961
25993
26002
26036
26041
26061
26092
26110
26125
26125
26132
26147
26150
26158
26162
26172
26203
26212
26215
26235
26238
26246
26310
26311
26327
26340
26342
26359
26376
26381
26405
26413
26419
26427
26433
26439
26446
26473
26486
26499
26500
26509
26518
26525
26534
26550
26569
26572
26582
26593
26603
26608
26623
26624
26641
26650
26657
26668
26674
26682
26684
26691
26726
26739
26774
26778
26780
26783
26788
26799
26833
26840
26862
26885
26910
26913
26928
26931
26946
26950
26980
26991
26994
27009
27016
27017
27027
27062
27082
27083
27094
27095
27098
27099
27100
27101
27124
27142
27145
27151
27176
27191
27221
27231
27248
27251
27273
27281
27293
27304
27310
27321
27338
27339
27359
27369
27372
27383
27408
27411
27439
27444
27449
27463
27484
27505
27515
27518
27523
27527
27549
27555
27556
27569
27580
27616
27619
27639
27653
27670
27674
27693
27695
27696
27705
27707
27709
27711
27712
27721
27722
27765
27772
27774
27778
27851
27857
27860
27864
27866
27873
27873
27887
27895
27895
27911
27912
27912
27919
27951
27954
27956
27969
27981
27996
27997
28026
28028
28034
28040
28041
28049
28056
28061
28076
28082
28126
28145
28166
28191
28200
28227
28231
28245
28245
28264
28264
28268
28269
28289
28298
28316
28328
28346
28372
28383
28383
28384
28395
28416
28418
28419
28424
28433
28439
28445
28462
28488
28494
28514
28536
28556
28564
28612
28624
28631
28639
28647
28652
28683
28691
28719
28735
28740
28742
28788
28814
28821
28822
28826
28833
28834
28841
28845
28854
28861
28865
28873
28882
28883
28916
28920
28934
28949
28965
28979
29002
29014
29025
29030
29050
29069
29071
29088
29108
29112
29118
29163
29179
29180
29186
29191
29193
29198
29201
29201
29215
29219
29232
29240
29247
29269
29270
29276
29285
29288
29292
29299
29312
29372
29386
29395
29403
29427
29458
29459
29459
29495
29506
29510
29523
29530
29531
29544
29562
29568
29572
29606
29611
29616
29662
29686
29742
29763
29774
29793
29798
29804
29806
29808
29822
29841
29856
29907
29907
29911
29936
29951
29954
29973
29975
30002
30006
30015
30022
30028
30053
30056
30078
30094
30109
30125
30139
30157
30174
30183
30190
30201
30207
30222
30230
30241
30257
30273
30277
30283
30311
30327
30338
30338
30345
30382
30392
30394
30400
30404
30426
30442
30443
30446
30458
30463
30475
30487
30496
30501
30516
30541
30544
30588
30593
30611
30614
30626
30683
30688
30690
30695
30699
30701
30703
30729
30778
30782
30794
30805
30812
30814
30833
30836
30885
30889
30890
30898
30904
30917
30917
30931
30931
30961
31002
31019
31023
31050
31066
31077
31086
31112
31115
31117
31124
31128
31194
31200
31208
31209
31224
31265
31266
31290
31295
31312
31312
31359
31371
31393
31398
31403
31404
31416
31440
31442
31471
31475
31478
31505
31507
31520
31527
31537
31540
31556
31604
31620
31636
31645
31675
31726
31731
31742
31751
31757
31771
31785
31810
31824
31834
31860
31861
31869
31874
31896
31919
31920
31948
31966
31977
31989
32013
32019
32053
32056
32057
32071
32075
32085
32098
32100
32147
32159
32162
32173
32179
32195
32216
32235
32249
32256
32259
32276
32278
32289
32294
32308
32318
32325
32331
32333
32361
32384
32389
32403
32413
32428
32432
32437
32437
32451
32464
32465
32489
32491
32507
32527
32539
32539
32566
32596
32650
32677
32694
32695
32703
32704
32705
32723
32743
32744

