19
25
38
58
60
67
72
79
96
119
134
152
158
174
177
182
194
210
228
229
234
242
251
251
260
277
297
301
316
335
353
360
364
409
414
420
421
437
437
440
456
472
479
499
505
505
516
541
588
590
603
609
612
679
679
691
705
717
719
742
818
833
847
888
906
915
915
927
932
967
970
977
985
1002
1028
1028
1034
1084
1130
1141
1144
1145
1166
1176
1202
1220
1236
1241
1245
1253
1255
1260
1265
1267
1271
1288
1292
1296
1303
1303
1313
1317
1321
1324
1346
1350
1359
1379
1385
1417
1419
1421
1432
1434
1442
1453
1458
1476
1496
1507
1517
1519
1525
1527
1529
1543
1556
1574
1575
1591
1596
1603
1610
1630
1635
1651
1655
1658
1660
1682
1704
1709
1712
1713
1714
1720
1734
1741
1742
1748
1749
1751
1767
1776
1796
1802
1814
1814
1827
1830
1831
1844
1846
1849
1849
1863
1864
1892
1914
1916
1932
1935
1964
1965
1978
1983
1984
1990
1992
2007
2013
2024
2037
2043
2047
2076
2093
2096
2129
2141
2141
2148
2160
2182
2200
2213
2217
2223
2225
2233
2250
2262
2265
2281
2298
2316
2319
2330
2331
2333
2334
2335
2352
2370
2378
2422
2426
2427
2440
2455
2470
2502
2504
2509
2544
2557
2597
2638
2657
2664
2681
2685
2688
2693
2707
2709
2712
2729
2738
2742
2754
2770
2777
2801
2807
2816
2837
2850
2878
2883
2884
2966
2969
2975
2983
3004
3017
3030
3035
3035
3047
3064
3089
3112
3130
3133
3138
3145
3149
3165
3167
3177
3185
3194
3198
3217
3218
3223
3242
3254
3269
3269
3277
3277
3287
3299
3313
3335
3341
3342
3351
3354
3354
3360
3367
3368
3378
3385
3421
3426
3438
3440
3446
3459
3461
3466
3503
3515
3520
3520
3540
3554
3569
3571
3584
3590
3596
3599
3609
3616
3621
3624
3629
3634
3639
3640
3674
3689
3699
3702
3715
3718
3734
3750
3761
3770
3800
3817
3825
3846
3853
3862
3885
3889
3934
3942
3948
3949
3956
3971
3979
4035
4038
4053
4063
4064
4079
4097
4099
4101
4108
4113
4120
4129
4131
4136
4146
4156
4163
4167
4180
4192
4192
4198
4200
4219
4225
4227
4231
4231
4241
4254
4267
4289
4294
4329
4345
4345
4361
4376
4381
4383
4385
4402
4404
4406
4410
4413
4417
4418
4424
4430
4432
4437
4442
4449
4456
4484
4516
4532
4553
4553
4561
4581
4583
4591
4600
4639
4647
4657
4657
4666
4675
4695
4720
4761
4789
4792
4803
4805
4814
4865
4874
4875
4877
4887
4890
4899
4917
4940
4949
4970
4975
4986
5031
5040
5057
5062
5109
5114
5126
5136
5141
5143
5155
5157
5161
5163
5174
5180
5208
5241
5262
5265
5268
5280
5282
5293
5305
5326
5332
5384
5398
5429
5430
5456
5476
5496
5523
5527
5537
5547
5558
5567
5569
5584
5589
5598
5604
5606
5615
5626
5638
5643
5659
5684
5687
5724
5731
5740
5744
5747
5751
5766
5796
5802
5815
5827
5833
5835
5835
5854
5875
5914
5929
5962
5971
6009
6026
6027
6039
6047
6052
6062
6079
6085
6086
6086
6132
6134
6135
6137
6141
6163
6163
6175
6177
6180
6232
6244
6245
6250
6259
6303
6308
6322
6354
6369
6371
6395
6425
6429
6445
6461
6472
6523
6535
6537
6544
6608
6623
6629
6636
6637
6666
6689
6689
6709
6710
6714
6745
6750
6768
6769
6771
6804
6821
6850
6850
6871
6904
6907
6914
6935
6936
6943
6982
7004
7005
7041
7045
7063
7067
7086
7092
7114
7114
7133
7136
7139
7140
7159
7171
7220
7227
7254
7263
7264
7283
7287
7304
7345
7351
7355
7377
7390
7396
7401
7419
7440
7455
7465
7466
7492
7502
7517
7522
7534
7546
7551
7553
7561
7575
7599
7612
7623
7624
7625
7636
7648
7664
7693
7694
7697
7725
7742
7752
7756
7758
7787
7787
7794
7797
7839
7849
7865
7869
7879
7906
7918
7932
7987
7991
8004
8015
8015
8016
8035
8084
8090
8091
8097
8098
8109
8163
8179
8188
8201
8216
8232
8235
8251
8254
8268
8300
8301
8332
8334
8348
8369
8389
8402
8409
8412
8430
8439
8444
8449
8485
8486
8507
8581
8603
8617
8626
8637
8653
8677
8689
8689
8691
8693
8696
8731
8746
8746
8748
8780
8791
8793
8803
8809
8814
8818
8819
8827
8844
8847
8907
8941
8957
8980
9011
9020
9021
9022
9036
9040
9052
9055
9080
9111
9111
9120
9145
9160
9182
9185
9193
9195
9195
9230
9251
9325
9348
9387
9403
9422
9429
9434
9441
9453
9466
9478
9486
9500
9520
9527
9536
9543
9554
9578
9611
9614
9627
9631
9655
9656
9666
9692
9694
9726
9727
9730
9732
9735
9738
9739
9750
9778
9789
9794
9799
9809
9836
9849
9860
9865
9890
9910
9914
9919
9922
9922
9925
9945
9965
9978
9980
9985
9999
10002
10014
10017
10025
10034
10081
10090
10094
10095
10097
10110
10116
10119
10133
10134
10143
10149
10173
10174
10175
10220
10222
10234
10247
10262
10297
10304
10329
10337
10348
10350
10359
10362
10376
10388
10419
10430
10432
10440
10444
10449
10467
10483
10495
10509
10528
10543
10559
10575
10582
10584
10586
10591
10618
10619
10620
10621
10646
10649
10669
10680
10689
10697
10700
10727
10732
10737
10740
10759
10766
10780
10827
10830
10833
10841
10845
10874
10876
10879
10894
10899
10915
10930
10932
10941
10961
10964
10970
10980
10982
11012
11026
11032
11053
11070
11103
11110
11110
11113
11116
11118
11127
11178
11186
11193
11217
11225
11253
11276
11281
11311
11315
11318
11331
11345
11351
11358
11361
11362
11390
11405
11410
11425
11438
11452
11473
11484
11540
11561
11599
11600
11623
11640
11643
11661
11682
11690
11697
11723
11733
11743
11762
11774
11776
11802
11816
11824
11827
11831
11870
11896
11899
11906
11908
11911
11934
11941
11947
11970
11984
11989
11994
12001
12005
12029
12038
12052
12060
12067
12071
12083
12083
12084
12094
12112
12120
12143
12146
12174
12198
12206
12232
12241
12254
12255
12309
12312
12333
12338
12339
12350
12367
12367
12370
12388
12390
12433
12462
12463
12475
12478
12484
12499
12501
12503
12527
12533
12556
12558
12561
12582
12600
12606
12619
12646
12661
12670
12677
12700
12702
12753
12766
12802
12857
12867
12880
12901
12911
12913
12914
12921
12937
12946
12950
12951
12954
12962
12965
12971
12988
13043
13053
13075
13076
13111
13138
13139
13156
13159
13166
13192
13195
13209
13212
13213
13216
13220
13221
13226
13239
13248
13251
13260
13287
13294
13300
13305
13323
13323
13326
13341
13366
13376
13379
13386
13393
13395
13413
13416
13427
13438
13508
13511
13516
13523
13523
13558
13576
13590
13621
13642
13652
13654
13672
13687
13690
13700
13705
13707
13714
13722
13756
13760
13762
13772
13802
13817
13852
13856
13862
13867
13874
13886
13900
13910
13912
13931
13951
13954
13966
13970
13988
14023
14025
14056
14059
14059
14074
14080
14093
14095
14100
14111
14119
14119
14176
14179
14187
14193
14198
14202
14210
14231
14244
14289
14318
14322
14327
14330
14330
14338
14345
14374
14375
14392
14395
14403
14414
14420
14426
14430
14431
14436
14442
14451
14454
14560
14582
14584
14637
14655
14679
14716
14735
14748
14754
14759
14763
14783
14794
14797
14840
14863
14866
14866
14872
14878
14889
14895
14918
14925
14925
14944
14954
14974
14992
15072
15079
15101
15117
15148
15152
15158
15174
15175
15211
15242
15262
15271
15284
15323
15336
15340
15384
15387
15396
15403
15409
15412
15424
15443
15462
15471
15480
15491
15493
15500
15514
15531
15534
15537
15558
15569
15583
15584
15592
15596
15623
15636
15660
15661
15670
15720
15738
15741
15760
15760
15770
15781
15802
15812
15822
15822
15832
15838
15851
15853
15865
15866
15867
15874
15881
15899
15902
15908
15926
15966
15988
16016
16026
16031
16034
16060
16077
16098
16116
16125
16149
16165
16196
16199
16208
16227
16245
16289
16296
16297
16298
16310
16324
16329
16333
16333
16344
16351
16363
16381
16421
16431
16431
16452
16454
16455
16469
16482
16507
16526
16540
16546
16564
16578
16584
16584
16614
16650
16659
16671
16680
16681
16690
16691
16720
16729
16732
16757
16794
16801
16802
16810
16811
16816
16832
16832
16833
16843
16867
16879
16883
16914
16916
16921
16961
16968
16990
16996
17007
17008
17015
17024
17031
17033
17037
17037
17038
17079
17103
17113
17115
17116
17121
17146
17147
17159
17171
17190
17194
17228
17232
17232
17239
17240
17265
17279
17294
17304
17335
17335
17336
17370
17407
17408
17412
17416
17417
17451
17454
17482
17492
17498
17498
17505
17514
17532
17534
17536
17540
17551
17554
17565
17588
17588
17590
17607
17630
17632
17643
17649
17676
17693
17715
17716
17717
17717
17723
17723
17753
17775
17778
17783
17806
17810
17812
17820
17823
17877
17878
17893
17900
17905
17909
17913
17923
17945
17947
17949
17971
17984
17986
17991
18008
18014
18015
18023
18023
18028
18033
18050
18057
18080
18126
18128
18134
18137
18160
18161
18179
18181
18188
18199
18200
18205
18206
18232
18251
18258
18279
18298
18306
18323
18328
18336
18346
18357
18361
18366
18382
18392
18399
18443
18447
18460
18481
18481
18490
18492
18496
18517
18536
18546
18553
18556
18559
18613
18620
18631
18635
18636
18655
18657
18664
18682
18684
18704
18739
18759
18774
18778
18784
18790
18792
18792
18799
18835
18844
18844
18852
18859
18861
18905
18925
18950
18951
18958
18963
18977
18985
19021
19022
19024
19051
19076
19084
19094
19095
19100
19102
19106
19108
19112
19136
19146
19148
19187
19206
19244
19263
19272
19313
19322
19328
19342
19354
19360
19388
19412
19431
19440
19443
19468
19561
19584
19592
19593
19632
19651
19655
19660
19684
19692
19702
19706
19715
19746
19785
19808
19818
19824
19838
19841
19845
19878
19884
19895
19897
19899
19908
19912
19924
19926
19948
19949
19962
19963
20015
20030
20041
20055
20057
20078
20098
20104
20107
20134
20141
20152
20170
20184
20209
20234
20240
20249
20275
20283
20293
20308
20310
20318
20322
20353
20358
20366
20366
20375
20377
20392
20397
20441
20455
20473
20479
20497
20514
20528
20557
20586
20594
20597
20626
20656
20661
20693
20694
20697
20698
20730
20734
20752
20754
20775
20776
20782
20790
20792
20792
20800
20804
20817
20830
20845
20849
20879
20914
20916
20920
20928
20963
20963
20977
20989
20993
20995
20996
21017
21017
21018
21028
21056
21056
21057
21058
21067
21072
21072
21117
21137
21153
21182
21186
21221
21231
21243
21253
21278
21283
21292
21300
21311
21315
21317
21325
21340
21351
21408
21442
21456
21458
21491
21505
21525
21533
21538
21538
21548
21573
21575
21579
21599
21599
21600
21605
21619
21620
21625
21642
21644
21647
21651
21655
21658
21713
21781
21789
21804
21804
21814
21819
21823
21829
21846
21853
21870
21879
21879
21882
21890
21911
21931
21961
21972
22016
22030
22040
22061
22079
22080
22082
22102
22115
22120
22134
22136
22137
22140
22145
22155
22165
22183
22185
22195
22204
22222
22237
22244
22258
22290
22307
22308
22311
22350
22352
22352
22353
22366
22401
22418
22419
22501
22526
22559
22560
22567
22587
22593
22612
22642
22650
22652
22655
22666
22673
22674
22677
22692
22703
22710
22724
22737
22740
22752
22759
22774
22806
22832
22834
22836
22852
22866
22871
22889
22922
22925
22966
22972
23003
23018
23026
23034
23050
23055
23069
23105
23124
23178
23186
23195
23218
23239
23245
23246
23252
23268
23271
23276
23281
23281
23286
23302
23325
23339
23343
23355
23407
23414
23427
23431
23436
23441
23453
23453
23463
23467
23472
23500
23509
23516
23520
23535
23558
23562
23566
23568
23574
23587
23597
23612
23614
23616
23628
23642
23644
23651
23667
23670
23711
23715
23727
23755
23763
23771
23812
23851
23875
23876
23877
23880
23891
23896
23909
23910
23922
23952
23963
23969
23979
23990
23990
23993
24018
24059
24068
24074
24107
24118
24131
24136
24158
24188
24209
24209
24225
24269
24280
24292
24292
24294
24318
24320
24320
24321
24341
24369
24377
24396
24403
24404
24409
24438
24460
24471
24503
24508
24520
24535
24537
24548
24548
24558
24579
24586
24626
24634
24641
24672
24673
24707
24718
24735
24738
24759
24760
24776
24777
24790
24797
24830
24831
24851
24855
24887
24898
24904
24905
24917
24919
24921
24923
24945
24946
24953
24978
25002
25011
25028
25046
25081
25087
25096
25100
25102
25143
25148
25152
25154
25165
25202
25205
25209
25226
25247
25250
25253
25266
25307
25315
25322
25357
25369
25373
25377
25403
25413
25418
25420
25421
25427
25429
25469
25495
25506
25539
25546
25606
25618
25629
25631
25659
25681
25683
25685
25697
25705
25736
25736
25737
25738
25752
25778
25786
25794
25803
25809
25811
25823
25828
25846
25858
25882
25884
25910
25915
25920
25956
25957
25958
25977
25981
25983
25984
25988
26010
26014
26024
26035
26040
26041
26050
26068
26077
26081
26105
26106
26114
26120
26123
26164
26183
26196
26211
26220
26221
26261
26264
26267
26268
26313
26326
26333
26339
26357
26361
26400
26407
26413
26422
26429
26448
26473
26487
26496
26533
26554
26579
26582
26589
26589
26597
26605
26609
26647
26652
26653
26709
26723
26724
26730
26735
26752
26758
26762
26780
26785
26786
26786
26794
26798
26808
26809
26882
26896
26915
26929
26972
26980
26982
27019
27028
27038
27056
27057
27060
27071
27081
27105
27106
27114
27135
27137
27142
27154
27165
27204
27230
27241
27248
27250
27279
27287
27328
27340
27402
27406
27434
27461
27481
27485
27492
27493
27499
27507
27513
27514
27525
27534
27572
27610
27614
27618
27618
27635
27651
27693
27700
27722
27725
27737
27741
27743
27751
27754
27794
27804
27805
27815
27836
27887
27890
27891
27903
27909
27928
27933
27959
28003
28027
28041
28045
28061
28083
28090
28095
28104
28113
28125
28173
28179
28181
28189
28202
28203
28207
28218
28223
28231
28254
28262
28263
28264
28290
28296
28338
28348
28352
28352
28363
28373
28378
28393
28404
28409
28413
28417
28437
28437
28454
28466
28495
28511
28511
28520
28559
28561
28566
28577
28592
28613
28619
28648
28651
28697
28722
28735
28741
28749
28781
28818
28822
28839
28869
28881
28892
28949
28965
28978
28979
28981
28982
28983
28994
28995
28996
29025
29039
29041
29074
29093
29103
29105
29113
29140
29141
29149
29154
29159
29164
29174
29191
29194
29217
29233
29238
29242
29254
29261
29289
29290
29294
29297
29298
29309
29310
29333
29342
29358
29369
29374
29422
29440
29444
29457
29465
29494
29502
29506
29509
29515
29525
29535
29539
29560
29586
29589
29598
29624
29632
29694
29711
29725
29732
29733
29743
29755
29787
29809
29810
29821
29875
29878
29881
29925
29960
29960
29981
29982
29987
30005
30022
30029
30036
30097
30125
30140
30174
30183
30206
30221
30236
30257
30262
30275
30295
30312
30318
30327
30336
30339
30342
30357
30383
30383
30402
30405
30409
30422
30424
30455
30488
30503
30518
30535
30563
30567
30595
30634
30644
30665
30679
30689
30696
30703
30708
30719
30726
30755
30764
30782
30785
30811
30813
30814
30828
30858
30862
30879
30889
30893
30926
30930
30948
30952
30965
30981
30991
30999
31058
31067
31070
31078
31078
31079
31091
31097
31102
31114
31127
31162
31176
31187
31193
31209
31210
31265
31266
31278
31279
31280
31282
31301
31301
31305
31322
31344
31388
31393
31395
31423
31437
31439
31469
31475
31488
31498
31519
31521
31523
31539
31553
31554
31560
31561
31568
31579
31580
31581
31588
31590
31599
31632
31635
31652
31654
31662
31663
31671
31672
31690
31727
31729
31748
31756
31775
31776
31792
31793
31801
31801
31819
31828
31869
31875
31883
31884
31886
31887
31889
31898
31913
31934
31941
31973
31980
31992
32006
32020
32022
32033
32038
32055
32055
32063
32073
32106
32119
32119
32137
32171
32232
32262
32273
32330
32353
32372
32375
32404
32414
32427
32442
32442
32450
32450
32550
32559
32563
32639
32702
32710
32718
32718
32757
32761

