42
65
76
84
87
99
107
111
121
135
144
153
167
188
191
207
219
234
262
275
281
290
295
306
313
315
319
321
347
366
373
381
401
463
468
493
499
514
535
535
543
556
563
569
602
607
621
637
661
677
684
688
695
696
711
735
735
749
759
790
824
845
848
877
886
889
899
909
915
920
929
942
947
951
953
989
1008
1017
1035
1048
1061
1074
1079
1082
1084
1085
1085
1087
1101
1125
1151
1153
1169
1171
1192
1204
1209
1240
1242
1262
1287
1302
1303
1325
1328
1329
1331
1339
1349
1352
1358
1372
1377
1383
1410
1425
1431
1444
1490
1492
1520
1556
1564
1569
1577
1596
1604
1610
1620
1636
1638
1641
1650
1656
1678
1680
1696
1719
1721
1735
1737
1771
1860
1862
1866
1883
1886
1899
1901
1909
1931
1936
1949
1959
1959
1985
2006
2018
2019
2068
2086
2103
2116
2146
2157
2161
2171
2179
2188
2191
2195
2232
2242
2245
2263
2267
2272
2314
2325
2325
2328
2336
2342
2344
2360
2363
2378
2392
2394
2396
2397
2446
2473
2482
2490
2490
2494
2533
2538
2540
2544
2556
2559
2594
2599
2606
2611
2617
2631
2640
2681
2684
2694
2696
2713
2720
2774
2776
2779
2780
2784
2787
2840
2853
2871
2872
2907
2927
2938
2949
2953
2961
2991
3006
3010
3011
3041
3049
3076
3089
3094
3158
3158
3160
3224
3253
3291
3292
3317
3340
3368
3372
3385
3393
3404
3434
3439
3496
3512
3523
3542
3571
3590
3593
3593
3618
3643
3655
3662
3671
3674
3695
3726
3729
3729
3737
3744
3767
3784
3792
3818
3821
3825
3840
3846
3847
3850
3854
3858
3869
3881
3928
3932
3934
3951
3955
3969
3982
3986
4014
4037
4098
4105
4110
4122
4129
4141
4158
4158
4186
4189
4190
4217
4225
4243
4295
4308
4320
4329
4332
4337
4339
4396
4403
4419
4434
4435
4440
4449
4470
4491
4504
4512
4530
4540
4545
4557
4564
4593
4602
4607
4643
4671
4673
4675
4703
4724
4726
4726
4730
4738
4751
4764
4818
4826
4829
4855
4860
4870
4896
4900
4920
4938
4938
4954
5006
5032
5037
5038
5043
5049
5059
5064
5083
5084
5089
5095
5142
5149
5151
5153
5159
5169
5204
5228
5237
5242
5254
5282
5288
5300
5312
5316
5335
5336
5340
5388
5403
5413
5473
5507
5533
5556
5568
5585
5596
5600
5654
5698
5705
5730
5733
5742
5742
5751
5767
5777
5826
5830
5834
5836
5846
5847
5850
5852
5865
5865
5890
5891
5897
5898
5901
5925
5926
5927
5929
5932
5933
5934
5937
5939
5960
5965
6017
6024
6032
6088
6103
6105
6133
6142
6182
6190
6200
6204
6229
6241
6257
6285
6291
6321
6330
6330
6337
6354
6372
6378
6395
6397
6402
6410
6421
6445
6475
6485
6497
6501
6504
6511
6516
6518
6519
6534
6549
6564
6579
6584
6596
6597
6619
6638
6648
6652
6659
6670
6685
6699
6728
6728
6733
6737
6738
6756
6770
6800
6803
6848
6849
6853
6859
6865
6888
6894
6906
6912
6954
6958
6962
6963
6979
6991
6992
7027
7052
7053
7059
7067
7078
7105
7109
7112
7115
7177
7180
7184
7187
7201
7216
7224
7230
7230
7243
7247
7254
7265
7293
7300
7326
7335
7367
7370
7371
7379
7385
7396
7408
7411
7411
7436
7462
7466
7468
7487
7488
7489
7491
7497
7504
7530
7532
7541
7549
7567
7606
7635
7637
7649
7651
7681
7696
7718
7727
7748
7767
7771
7773
7774
7781
7797
7810
7830
7847
7857
7874
7887
7890
7894
7903
7906
7916
7918
7932
7960
7964
7965
7967
7974
7984
7985
7988
7993
7997
8001
8006
8014
8070
8089
8091
8102
8134
8168
8179
8180
8212
8214
8219
8226
8244
8246
8252
8273
8348
8357
8365
8384
8387
8395
8399
8410
8419
8452
8459
8467
8482
8493
8511
8517
8540
8557
8561
8620
8624
8634
8640
8674
8686
8695
8719
8721
8729
8731
8735
8744
8753
8755
8774
8776
8781
8782
8798
8798
8800
8809
8811
8816
8819
8853
8874
8886
8891
8891
8899
8944
8945
8952
8963
8970
8973
8974
8984
8988
8992
9024
9038
9041
9042
9099
9148
9157
9158
9203
9205
9211
9211
9224
9226
9230
9240
9255
9267
9269
9313
9323
9336
9367
9367
9369
9380
9393
9403
9413
9423
9428
9438
9441
9443
9448
9464
9473
9489
9490
9493
9498
9503
9508
9525
9534
9536
9558
9577
9606
9609
9618
9622
9665
9711
9712
9719
9729
9731
9751
9755
9776
9776
9785
9802
9805
9812
9816
9816
9826
9826
9843
9845
9846
9852
9860
9918
9937
9948
9962
9964
9981
9996
10006
10024
10031
10031
10040
10056
10059
10059
10064
10064
10083
10101
10102
10115
10124
10125
10141
10142
10152
10158
10166
10169
10173
10173
10193
10218
10236
10256
10259
10265
10282
10289
10308
10314
10330
10335
10340
10345
10380
10381
10391
10405
10428
10436
10447
10471
10476
10497
10500
10513
10541
10561
10564
10584
10587
10625
10640
10663
10700
10700
10710
10711
10730
10738
10759
10763
10766
10771
10772
10779
10791
10799
10830
10834
10843
10844
10855
10890
10891
10903
10928
10933
10948
10984
10985
10996
11004
11014
11034
11044
11096
11104
11113
11113
11117
11126
11126
11130
11133
11150
11198
11214
11223
11228
11257
11260
11269
11281
11283
11305
11308
11321
11331
11349
11351
11407
11410
11412
11433
11434
11445
11450
11453
11454
11455
11478
11481
11485
11510
11518
11524
11530
11540
11542
11550
11567
11569
11589
11606
11611
11624
11637
11649
11671
11680
11699
11717
11726
11736
11738
11751
11762
11778
11817
11829
11830
11841
11852
11861
11908
11934
11952
11977
11984
12000
12013
12013
12013
12022
12039
12044
12066
12073
12079
12099
12101
12101
12105
12115
12116
12116
12157
12168
12195
12197
12199
12206
12212
12220
12226
12227
12237
12256
12262
12299
12304
12307
12339
12348
12349
12362
12363
12380
12382
12392
12415
12419
12420
12436
12464
12470
12474
12483
12490
12497
12513
12516
12572
12580
12595
12603
12606
12619
12639
12645
12663
12681
12684
12690
12707
12721
12748
12754
12760
12776
12776
12779
12781
12782
12816
12849
12888
12890
12912
12919
12920
12923
12959
12971
12979
12979
12981
12993
12997
13042
13074
13082
13086
13093
13101
13104
13105
13109
13124
13134
13136
13146
13149
13154
13156
13161
13219
13220
13248
13262
13264
13281
13300
13307
13329
13330
13336
13336
13340
13349
13364
13380
13386
13410
13426
13431
13454
13470
13471
13479
13500
13557
13568
13589
13594
13598
13600
13614
13622
13622
13651
13653
13659
13662
13665
13686
13698
13742
13746
13755
13761
13768
13787
13804
13830
13846
13858
13860
13872
13898
13901
13904
13912
13918
13925
13965
13979
14031
14096
14103
14107
14116
14138
14145
14159
14180
14217
14228
14238
14245
14256
14261
14261
14263
14289
14296
14312
14379
14391
14409
14445
14448
14478
14509
14519
14568
14569
14576
14611
14612
14618
14639
14666
14672
14674
14692
14699
14699
14700
14714
14715
14720
14730
14759
14767
14781
14787
14789
14803
14840
14842
14901
14903
14919
14924
14931
14934
14939
14948
14956
14956
14970
14982
14983
14984
15000
15024
15027
15036
15063
15081
15086
15124
15144
15155
15164
15175
15181
15218
15221
15227
15232
15243
15248
15251
15263
15264
15265
15286
15295
15302
15335
15342
15361
15388
15389
15392
15398
15404
15413
15417
15426
15428
15443
15467
15499
15510
15515
15523
15533
15552
15555
15611
15617
15633
15634
15637
15639
15640
15642
15656
15666
15670
15676
15711
15722
15739
15750
15758
15785
15787
15790
15801
15806
15825
15884
15896
15899
15906
15917
15962
15964
15978
16023
16033
16036
16061
16066
16076
16109
16110
16118
16133
16142
16154
16168
16188
16190
16191
16196
16204
16208
16222
16229
16246
16258
16260
16260
16274
16299
16299
16299
16305
16307
16311
16345
16352
16426
16435
16472
16497
16525
16525
16530
16532
16537
16552
16560
16564
16572
16580
16587
16611
16617
16657
16665
16668
16684
16687
16691
16691
16694
16697
16701
16703
16750
16767
16770
16778
16792
16818
16828
16835
16867
16884
16891
16896
16904
16913
16933
16948
16950
16951
16986
16990
17003
17007
17031
17051
17053
17073
17093
17108
17109
17123
17140
17155
17180
17184
17250
17260
17272
17287
17313
17348
17370
17382
17393
17408
17409
17439
17461
17468
17480
17493
17512
17561
17579
17598
17598
17603
17608
17614
17615
17616
17636
17647
17647
17659
17688
17694
17712
17724
17734
17739
17742
17750
17762
17770
17779
17787
17788
17789
17807
17840
17851
17851
17856
17876
17906
17928
17944
17949
17957
17966
17974
17987
17989
18010
18036
18040
18063
18065
18080
18081
18099
18106
18135
18164
18164
18170
18172
18182
18225
18231
18244
18261
18267
18281
18341
18346
18370
18380
18380
18388
18394
18395
18396
18402
18402
18411
18442
18443
18443
18446
18453
18454
18458
18469
18475
18488
18491
18493
18518
18538
18574
18576
18578
18586
18592
18598
18635
18707
18744
18753
18770
18778
18785
18788
18796
18797
18812
18852
18918
18922
18960
19015
19022
19028
19046
19050
19059
19085
19097
19100
19106
19110
19112
19141
19151
19163
19187
19192
19194
19209
19210
19218
19235
19241
19243
19243
19250
19251
19269
19309
19319
19320
19337
19348
19350
19363
19386
19404
19419
19423
19424
19426
19433
19452
19459
19461
19469
19485
19491
19502
19510
19519
19533
19542
19543
19551
19576
19587
19590
19611
19613
19617
19632
19633
19637
19644
19644
19661
19680
19697
19712
19724
19725
19727
19734
19741
19743
19749
19754
19773
19777
19792
19818
19857
19904
19910
19918
19922
19932
19953
19958
19964
19976
19988
19995
19997
19998
20000
20019
20020
20044
20045
20058
20071
20093
20096
20100
20144
20151
20162
20165
20186
20188
20211
20211
20277
20299
20316
20364
20365
20383
20395
20405
20412
20417
20426
20439
20441
20456
20457
20465
20468
20470
20472
20473
20479
20509
20532
20555
20598
20623
20645
20657
20661
20664
20687
20740
20759
20765
20765
20768
20776
20790
20791
20793
20805
20812
20816
20819
20827
20828
20865
20875
20886
20956
20979
20987
20992
21027
21028
21032
21067
21078
21108
21110
21139
21154
21178
21198
21205
21209
21224
21228
21243
21252
21278
21300
21358
21361
21369
21380
21390
21407
21456
21467
21468
21468
21471
21478
21500
21515
21525
21551
21553
21577
21598
21602
21613
21623
21642
21644
21663
21673
21700
21722
21727
21740
21742
21755
21761
21764
21794
21797
21810
21817
21826
21826
21837
21840
21844
21845
21872
21880
21884
21902
21902
21948
21957
21959
21965
21966
21979
21995
22000
22021
22026
22050
22087
22105
22106
22129
22131
22131
22135
22141
22169
22175
22181
22184
22190
22194
22229
22234
22243
22265
22300
22301
22304
22306
22307
22307
22318
22319
22323
22323
22350
22351
22360
22365
22433
22434
22461
22462
22470
22514
22530
22534
22534
22555
22559
22565
22565
22574
22597
22638
22652
22655
22667
22670
22674
22678
22684
22727
22730
22735
22747
22751
22752
22792
22794
22819
22837
22844
22864
22888
22917
22931
22935
22939
22948
22958
22969
22972
23017
23026
23026
23028
23032
23032
23033
23045
23058
23061
23075
23125
23126
23134
23140
23145
23150
23162
23190
23191
23199
23238
23240
23262
23270
23279
23313
23327
23338
23346
23355
23363
23374
23377
23377
23395
23402
23423
23446
23456
23458
23466
23471
23497
23517
23517
23539
23549
23551
23556
23572
23595
23603
23610
23626
23635
23656
23660
23662
23664
23668
23696
23719
23749
23752
23763
23783
23783
23790
23792
23831
23835
23850
23861
23888
23893
23899
23904
23925
23945
23964
23975
24013
24015
24022
24029
24054
24069
24072
24092
24098
24139
24154
24166
24189
24190
24202
24236
24236
24245
24266
24270
24273
24296
24309
24328
24329
24335
24354
24366
24372
24393
24399
24433
24449
24473
24482
24503
24503
24514
24517
24524
24528
24530
24536
24550
24561
24596
24612
24615
24618
24619
24623
24625
24628
24630
24654
24660
24676
24692
24700
24723
24724
24734
24735
24737
24746
24770
24778
24780
24786
24820
24822
24829
24830
24830
24852
24857
24862
24869
24871
24875
24893
24893
24894
24900
24901
24904
24948
24952
24955
24959
24963
24964
24971
24988
24989
25029
25034
25042
25053
25061
25105
25107
25108
25113
25132
25151
25155
25165
25169
25174
25207
25223
25240
25243
25265
25281
25292
25302
25311
25332
25347
25360
25362
25376
25379
25390
25404
25432
25436
25460
25463
25471
25471
25472
25487
25498
25506
25511
25518
25524
25527
25539
25583
25609
25611
25617
25643
25644
25646
25651
25667
25668
25675
25692
25767
25819
25835
25849
25863
25884
25890
25894
25900
25901
25904
25914
25953
25972
25980
26010
26020
26029
26029
26041
26044
26049
26059
26070
26074
26074
26078
26091
26093
26096
26096
26122
26162
26180
26201
26221
26245
26249
26250
26268
26270
26271
26274
26282
26283
26302
26313
26344
26346
26351
26396
26408
26421
26425
26436
26442
26455
26464
26469
26474
26503
26510
26536
26539
26541
26560
26595
26599
26621
26639
26642
26645
26647
26653
26658
26663
26665
26683
26688
26714
26720
26751
26756
26785
26787
26793
26800
26813
26832
26847
26849
26853
26878
26919
26928
26940
26940
26959
26989
26992
26992
27008
27013
27022
27024
27029
27038
27039
27047
27072
27080
27080
27085
27087
27118
27137
27138
27144
27265
27288
27292
27333
27359
27380
27416
27435
27468
27475
27482
27483
27491
27494
27514
27529
27536
27557
27575
27584
27640
27652
27657
27678
27702
27702
27742
27750
27803
27828
27853
27878
27886
27909
27922
27934
27962
27989
27998
28019
28024
28030
28101
28102
28113
28121
28138
28173
28175
28178
28191
28194
28211
28224
28226
28229
28246
28252
28268
28282
28314
28317
28339
28349
28405
28421
28431
28442
28454
28462
28499
28504
28519
28535
28544
28549
28556
28560
28598
28599
28633
28635
28651
28688
28691
28703
28704
28713
28715
28718
28719
28720
28725
28744
28776
28789
28797
28801
28834
28852
28867
28871
28878
28890
28955
28974
28988
28988
28994
29016
29061
29061
29075
29076
29078
29079
29093
29093
29121
29129
29130
29155
29156
29174
29216
29220
29230
29240
29244
29253
29279
29319
29326
29336
29342
29355
29361
29372
29377
29380
29392
29392
29414
29421
29434
29440
29449
29468
29483
29484
29489
29512
29533
29548
29550
29568
29577
29590
29610
29615
29615
29618
29627
29649
29654
29657
29680
29688
29703
29725
29726
29728
29728
29734
29734
29740
29741
29753
29756
29768
29771
29776
29777
29780
29810
29826
29859
29897
29901
29902
29905
29918
29929
29946
29961
29987
29999
30004
30005
30007
30016
30026
30038
30060
30065
30066
30076
30077
30080
30111
30125
30129
30139
30169
30170
30179
30184
30188
30204
30211
30221
30226
30236
30252
30259
30261
30265
30268
30279
30292
30330
30352
30372
30411
30418
30425
30428
30447
30462
30482
30521
30530
30572
30578
30585
30611
30615
30624
30625
30633
30635
30646
30655
30672
30694
30706
30709
30732
30748
30771
30783
30789
30800
30851
30933
30935
30939
30948
30956
30959
30984
31010
31031
31043
31087
31095
31098
31109
31110
31115
31143
31149
31170
31178
31186
31208
31218
31229
31253
31260
31268
31279
31292
31349
31370
31383
31384
31398
31419
31472
31478
31479
31483
31487
31497
31503
31525
31535
31554
31573
31579
31603
31624
31626
31630
31633
31646
31675
31690
31695
31729
31737
31749
31762
31763
31773
31787
31805
31806
31814
31824
31852
31855
31857
31859
31882
31888
31894
31914
31915
31915
31929
31950
31963
31969
31980
31982
31984
31988
31990
32002
32020
32042
32043
32055
32056
32109
32116
32142
32152
32178
32182
32191
32194
32195
32209
32235
32246
32250
32281
32304
32314
32319
32320
32321
32330
32352
32352
32359
32361
32371
32380
32386
32431
32449
32467
32468
32472
32477
32483
32490
32492
32509
32569
32576
32582
32583
32593
32625
32631
32636
32644
32657
32660
32661
32675
32678
32720
32748

