5
16
34
62
70
73
85
91
108
108
123
128
151
159
164
201
244
247
270
274
312
323
332
357
359
364
364
373
400
418
425
441
449
459
473
496
501
502
505
516
575
584
588
616
626
662
670
671
674
676
686
695
695
698
703
704
712
717
731
752
757
781
790
800
816
840
902
922
931
957
962
962
976
1007
1024
1036
1044
1044
1048
1055
1071
1094
1146
1154
1154
1159
1171
1174
1189
1210
1226
1246
1248
1254
1271
1282
1308
1320
1326
1330
1348
1358
1361
1367
1372
1380
1410
1417
1421
1425
1441
1467
1473
1512
1515
1545
1547
1556
1561
1567
1570
1579
1586
1598
1601
1624
1629
1634
1641
1648
1657
1671
1704
1707
1708
1729
1751
1784
1791
1845
1851
1852
1870
1910
1917
1936
1950
1973
1992
1997
2007
2024
2043
2046
2083
2088
2090
2107
2144
2166
2170
2208
2209
2245
2249
2274
2288
2325
2330
2332
2343
2355
2379
2379
2387
2391
2423
2452
2458
2527
2535
2551
2617
2617
2621
2626
2631
2645
2674
2690
2730
2734
2752
2756
2766
2771
2781
2795
2806
2807
2807
2837
2852
2864
2881
2898
2933
2944
2965
2970
2982
2989
3005
3006
3009
3038
3042
3062
3072
3099
3099
3126
3137
3149
3172
3192
3231
3234
3249
3250
3270
3270
3281
3306
3323
3363
3372
3395
3401
3408
3414
3423
3438
3443
3458
3464
3509
3516
3516
3516
3553
3561
3565
3573
3591
3593
3598
3629
3632
3653
3656
3667
3684
3713
3714
3745
3753
3755
3758
3759
3765
3769
3778
3792
3812
3816
3824
3829
3837
3841
3858
3863
3869
3876
3878
3881
3892
3919
3925
3931
3953
3955
3956
3972
3976
3981
3981
3995
3999
4034
4056
4070
4070
4078
4078
4080
4106
4151
4163
4166
4173
4177
4188
4202
4208
4250
4251
4258
4271
4287
4333
4342
4379
4407
4436
4441
4443
4496
4511
4528
4550
4552
4553
4556
4561
4571
4584
4588
4589
4615
4620
4621
4644
4646
4655
4675
4681
4685
4689
4689
4700
4701
4703
4706
4707
4713
4736
4751
4752
4773
4773
4779
4796
4825
4830
4838
4839
4865
4865
4870
4881
4889
4893
4904
4904
4924
4926
4926
4930
4935
4935
4969
5011
5022
5025
5060
5101
5117
5137
5150
5166
5172
5220
5232
5258
5273
5281
5293
5312
5313
5329
5332
5345
5366
5367
5372
5375
5386
5393
5399
5399
5402
5409
5412
5428
5476
5477
5488
5509
5534
5566
5580
5591
5621
5637
5656
5671
5675
5700
5723
5723
5726
5750
5781
5783
5797
5820
5836
5842
5844
5855
5899
5919
5928
5939
5993
5998
6037
6042
6043
6049
6051
6056
6095
6098
6125
6152
6154
6156
6172
6175
6194
6196
6200
6202
6210
6210
6225
6233
6252
6254
6265
6271
6281
6292
6298
6316
6319
6323
6325
6331
6336
6341
6348
6348
6365
6390
6406
6406
6424
6464
6464
6470
6476
6482
6507
6533
6534
6542
6555
6570
6572
6573
6589
6603
6604
6617
6628
6628
6648
6649
6661
6679
6681
6685
6690
6691
6708
6717
6721
6731
6735
6740
6755
6760
6769
6773
6774
6775
6796
6800
6810
6811
6823
6828
6833
6878
6900
6904
6904
6905
6910
6933
6943
6956
6956
6960
6970
7011
7026
7036
7036
7039
7050
7058
7086
7092
7106
7113
7130
7149
7165
7178
7224
7235
7252
7266
7323
7336
7359
7360
7368
7396
7405
7408
7417
7417
7437
7439
7476
7483
7494
7505
7535
7559
7562
7572
7575
7575
7577
7592
7606
7622
7638
7652
7657
7663
7690
7703
7731
7751
7768
7769
7774
7808
7810
7817
7820
7832
7864
7875
7880
7889
7892
7905
7908
7909
7938
7970
7970
7971
7977
7983
7985
7986
7990
8011
8021
8028
8034
8089
8104
8143
8164
8196
8197
8204
8209
8224
8240
8261
8269
8283
8299
8305
8307
8330
8331
8335
8348
8365
8389
8396
8401
8409
8417
8428
8470
8475
8476
8481
8499
8510
8515
8520
8525
8551
8560
8564
8587
8604
8609
8620
8625
8631
8648
8655
8667
8673
8683
8694
8743
8758
8764
8768
8792
8793
8795
8795
8800
8824
8841
8861
8872
8873
8873
8876
8877
8903
8913
8919
8927
8971
8973
8988
9019
9043
9059
9138
9143
9167
9177
9237
9243
9250
9257
9259
9282
9285
9285
9294
9316
9322
9356
9381
9392
9422
9459
9461
9466
9477
9487
9492
9532
9550
9552
9595
9615
9631
9632
9633
9667
9708
9712
9743
9771
9777
9778
9797
9818
9914
9930
9936
9940
9941
9944
9951
9994
10000
10005
10005
10013
10026
10056
10058
10060
10080
10083
10092
10110
10121
10180
10185
10192
10197
10211
10220
10222
10233
10267
10272
10275
10275
10331
10359
10370
10377
10394
10406
10408
10418
10435
10445
10456
10459
10471
10473
10501
10518
10530
10555
10569
10584
10593
10603
10607
10609
10630
10645
10660
10674
10695
10699
10702
10711
10717
10718
10734
10738
10740
10764
10781
10788
10789
10796
10810
10820
10850
10887
10891
10901
10956
10967
10982
10990
10991
10994
10995
11018
11020
11038
11044
11055
11060
11066
11078
11081
11092
11100
11104
11108
11113
11117
11145
11182
11184
11187
11191
11214
11218
11232
11243
11262
11281
11295
11302
11344
11345
11364
11371
11380
11381
11422
11447
11454
11456
11457
11471
11488
11497
11498
11511
11518
11523
11526
11528
11530
11555
11564
11565
11607
11619
11627
11631
11646
11647
11664
11676
11694
11697
11713
11717
11743
11748
11748
11750
11801
11815
11819
11825
11827
11829
11835
11837
11839
11844
11860
11867
11879
11881
11883
11886
11934
11935
11938
11943
11944
11947
11957
11958
11970
11975
11993
12032
12033
12036
12057
12061
12085
12108
12120
12120
12121
12130
12140
12154
12174
12187
12195
12202
12220
12225
12229
12229
12230
12231
12235
12262
12266
12292
12298
12298
12300
12309
12325
12327
12346
12363
12374
12399
12401
12424
12435
12457
12465
12484
12487
12496
12510
12520
12536
12547
12547
12548
12549
12559
12569
12574
12594
12599
12605
12645
12649
12658
12658
12709
12709
12713
12725
12726
12728
12732
12736
12742
12783
12792
12819
12847
12876
12907
12912
12916
12975
12975
12995
13032
13035
13047
13049
13051
13068
13079
13085
13089
13093
13109
13118
13123
13136
13144
13162
13164
13171
13174
13182
13197
13206
13214
13226
13234
13241
13249
13251
13259
13266
13301
13302
13337
13345
13373
13385
13386
13389
13396
13403
13404
13425
13433
13442
13443
13463
13466
13486
13491
13501
13549
13559
13573
13591
13616
13653
13658
13678
13678
13684
13691
13694
13714
13723
13740
13743
13753
13759
13764
13771
13783
13806
13809
13814
13839
13859
13862
13871
13872
13884
13897
13901
13920
13954
13972
13977
13979
13980
13988
14025
14028
14083
14087
14094
14100
14130
14161
14187
14188
14188
14190
14197
14234
14235
14240
14272
14292
14315
14319
14326
14329
14329
14347
14377
14377
14397
14406
14410
14427
14439
14479
14507
14507
14510
14532
14537
14549
14550
14566
14580
14597
14642
14650
14652
14658
14662
14665
14702
14729
14731
14734
14735
14742
14746
14748
14753
14756
14770
14772
14810
14812
14825
14829
14866
14869
14869
14877
14882
14904
14909
14918
14918
14923
14940
14953
14956
14960
14972
14972
14994
14996
15000
15008
15041
15042
15049
15081
15084
15100
15100
15118
15125
15151
15154
15156
15177
15188
15227
15238
15246
15254
15261
15282
15292
15312
15314
15353
15354
15359
15363
15377
15422
15443
15447
15451
15478
15485
15506
15519
15528
15530
15530
15539
15541
15545
15553
15588
15597
15620
15620
15624
15639
15643
15645
15697
15711
15732
15734
15747
15748
15773
15773
15795
15801
15819
15833
15841
15846
15850
15854
15866
15866
15881
15911
15914
15931
15933
15938
15953
15958
15960
15999
16011
16015
16015
16015
16015
16019
16020
16024
16032
16043
16059
16086
16098
16104
16106
16108
16145
16145
16153
16175
16180
16191
16254
16257
16260
16266
16275
16324
16331
16339
16345
16349
16364
16401
16422
16435
16472
16508
16561
16589
16607
16610
16612
16624
16632
16637
16640
16679
16705
16706
16711
16728
16734
16740
16779
16795
16804
16851
16891
16903
16920
16923
16923
16926
16962
16964
16966
16966
16976
17002
17007
17041
17048
17055
17055
17097
17118
17126
17143
17154
17157
17170
17174
17192
17198
17201
17213
17216
17217
17227
17257
17262
17264
17266
17272
17298
17302
17314
17336
17350
17360
17386
17388
17392
17404
17416
17420
17447
17452
17454
17465
17506
17508
17509
17509
17515
17522
17523
17526
17530
17537
17549
17553
17564
17566
17646
17648
17650
17705
17725
17726
17750
17767
17767
17788
17793
17803
17837
17866
17884
17900
17908
17927
17933
17952
17955
17995
17998
18007
18011
18017
18024
18049
18059
18090
18114
18131
18157
18178
18180
18189
18235
18239
18240
18259
18268
18269
18269
18269
18283
18302
18309
18323
18330
18337
18345
18357
18365
18422
18438
18439
18444
18454
18456
18461
18462
18465
18510
18521
18540
18543
18554
18559
18559
18563
18575
18586
18605
18624
18625
18646
18648
18667
18671
18689
18709
18728
18734
18740
18758
18760
18796
18806
18807
18814
18821
18844
18856
18866
18868
18885
18887
18890
18908
18909
18911
18935
18939
18975
18977
18992
19062
19072
19084
19085
19088
19089
19112
19133
19148
19166
19173
19176
19179
19193
19203
19207
19226
19238
19245
19267
19290
19337
19353
19363
19369
19402
19435
19438
19466
19471
19475
19516
19549
19567
19593
19604
19604
19613
19615
19631
19653
19654
19657
19664
19703
19705
19735
19737
19744
19751
19760
19761
19770
19773
19773
19778
19778
19805
19849
19865
19866
19869
19870
19882
19883
19889
19896
19900
19927
19933
19952
19954
19958
19986
19987
20005
20030
20049
20052
20069
20090
20099
20113
20127
20137
20140
20142
20169
20202
20217
20259
20260
20279
20280
20282
20288
20291
20298
20337
20338
20339
20345
20359
20364
20366
20367
20371
20420
20473
20494
20496
20506
20531
20531
20531
20532
20543
20568
20577
20592
20593
20601
20618
20620
20622
20627
20645
20646
20675
20676
20708
20717
20723
20764
20777
20783
20796
20865
20881
20911
20919
20935
20959
20979
20984
20996
20997
20998
21000
21020
21024
21032
21055
21076
21082
21096
21107
21112
21127
21145
21151
21155
21191
21206
21210
21216
21218
21231
21280
21291
21299
21306
21306
21306
21316
21325
21328
21349
21382
21406
21409
21410
21424
21437
21439
21450
21489
21492
21505
21512
21514
21540
21542
21549
21560
21576
21576
21583
21598
21638
21642
21660
21665
21678
21682
21686
21687
21694
21704
21707
21708
21715
21726
21747
21755
21760
21765
21766
21771
21785
21800
21808
21808
21825
21836
21838
21860
21874
21875
21888
21896
21897
21897
21898
21920
21922
21922
21940
21955
21956
21983
21995
21997
21999
22037
22040
22064
22068
22093
22095
22097
22113
22147
22158
22170
22175
22178
22180
22210
22255
22274
22278
22286
22294
22301
22316
22318
22333
22354
22376
22407
22424
22436
22472
22482
22484
22494
22506
22516
22550
22554
22571
22606
22612
22635
22659
22689
22715
22723
22725
22737
22740
22751
22763
22789
22794
22828
22848
22859
22879
22881
22893
22895
22907
22914
22942
22965
22965
22968
22990
22995
22999
23016
23024
23028
23044
23070
23073
23143
23149
23171
23181
23183
23184
23198
23198
23200
23216
23219
23225
23245
23249
23249
23256
23261
23285
23302
23326
23355
23356
23363
23403
23406
23408
23442
23443
23452
23466
23496
23515
23525
23540
23596
23600
23623
23654
23662
23671
23672
23700
23702
23716
23744
23768
23773
23789
23802
23810
23812
23813
23814
23816
23833
23843
23855
23880
23881
23926
23937
23969
23975
24000
24002
24004
24007
24016
24054
24064
24095
24098
24104
24123
24123
24126
24131
24155
24161
24176
24215
24228
24247
24262
24267
24283
24285
24296
24302
24316
24316
24322
24327
24347
24360
24448
24472
24508
24527
24530
24541
24545
24551
24561
24572
24587
24592
24598
24601
24605
24608
24634
24642
24643
24655
24665
24670
24692
24698
24698
24699
24700
24703
24712
24718
24743
24756
24788
24790
24811
24820
24836
24845
24882
24898
24957
24960
24971
24991
25047
25079
25112
25118
25132
25133
25156
25158
25178
25203
25222
25232
25258
25259
25270
25275
25278
25304
25314
25322
25323
25354
25361
25380
25391
25404
25405
25409
25448
25484
25493
25519
25529
25579
25587
25599
25612
25636
25677
25680
25681
25701
25724
25759
25776
25776
25807
25822
25835
25842
25856
25883
25890
25897
25902
25904
25923
25927
25930
25936
25938
25946
26002
26010
26029
26051
26067
26074
26099
26126
26127
26128
26138
26143
26144
26146
26147
26154
26163
26190
26197
26204
26207
26239
26251
26252
26257
26299
26300
26317
26363
26369
26371
26388
26399
26399
26412
26416
26422
26439
26441
26453
26483
26485
26487
26513
26535
26543
26561
26568
26580
26596
26602
26629
26637
26655
26667
26707
26750
26774
26793
26811
26812
26813
26878
26881
26891
26894
26927
26932
26938
26939
26953
26974
26978
26996
26997
26997
27012
27020
27024
27053
27059
27063
27068
27085
27095
27122
27125
27125
27147
27148
27151
27151
27158
27159
27174
27176
27180
27184
27255
27276
27297
27316
27322
27349
27385
27394
27420
27424
27440
27448
27470
27482
27487
27488
27513
27521
27536
27538
27544
27552
27556
27558
27571
27584
27592
27609
27616
27621
27624
27672
27688
27696
27732
27752
27753
27756
27758
27766
27783
27820
27821
27822
27842
27855
27859
27868
27878
27906
27909
27932
27942
27945
27955
27962
27979
27986
27992
28001
28034
28049
28064
28072
28081
28095
28105
28107
28115
28181
28182
28188
28189
28201
28202
28203
28209
28209
28261
28270
28275
28320
28338
28355
28361
28362
28373
28404
28406
28411
28415
28426
28436
28440
28448
28455
28511
28571
28575
28579
28615
28622
28703
28709
28715
28718
28723
28731
28738
28744
28753
28769
28776
28781
28783
28817
28841
28842
28860
28860
28865
28917
28918
28919
28937
28938
28971
28974
28976
28981
29042
29055
29064
29094
29111
29121
29122
29132
29157
29160
29161
29164
29167
29167
29174
29191
29200
29217
29219
29229
29240
29259
29264
29282
29284
29289
29298
29299
29306
29316
29332
29335
29341
29347
29377
29397
29411
29420
29432
29467
29471
29472
29477
29486
29493
29495
29538
29542
29557
29573
29577
29581
29592
29611
29629
29630
29633
29642
29666
29670
29677
29679
29682
29687
29687
29695
29700
29714
29723
29728
29738
29744
29768
29771
29781
29781
29807
29808
29808
29818
29819
29820
29824
29830
29838
29891
29907
29908
29936
29937
29938
29944
29956
29984
29990
30007
30008
30009
30035
30036
30059
30063
30070
30078
30102
30108
30118
30127
30129
30135
30142
30150
30159
30177
30182
30190
30194
30199
30243
30260
30260
30283
30287
30287
30294
30341
30343
30354
30420
30420
30421
30431
30433
30436
30441
30447
30460
30531
30533
30536
30546
30548
30563
30578
30580
30582
30590
30590
30603
30607
30607
30619
30636
30653
30658
30675
30679
30689
30689
30691
30703
30705
30715
30723
30731
30743
30748
30754
30765
30767
30772
30783
30813
30820
30820
30846
30859
30883
30884
30895
30916
30922
30925
30930
30957
30973
30974
31008
31015
31018
31029
31035
31046
31067
31078
31095
31096
31104
31118
31128
31160
31165
31195
31202
31210
31218
31236
31236
31275
31277
31375
31379
31388
31398
31405
31406
31407
31411
31435
31439
31441
31456
31457
31479
31494
31502
31504
31506
31528
31530
31550
31553
31553
31570
31618
31640
31671
31685
31709
31710
31720
31737
31747
31748
31757
31760
31761
31798
31799
31807
31814
31840
31840
31866
31944
31949
31958
31973
31980
32007
32031
32045
32058
32081
32096
32116
32116
32126
32147
32153
32173
32191
32194
32194
32205
32213
32214
32214
32232
32235
32247
32268
32281
32285
32290
32292
32314
32328
32333
32352
32355
32360
32375
32381
32407
32415
32422
32432
32440
32455
32509
32532
32539
32546
32564
32589
32635
32637
32643
32644
32686
32690
32720
32729
32757

