8
23
50
62
65
69
86
91
121
135
154
154
155
161
174
187
198
219
233
253
318
319
356
360
370
380
386
392
405
407
443
460
467
519
526
557
568
585
599
630
634
669
671
686
695
701
769
774
776
786
796
803
820
827
828
835
896
898
901
908
920
925
931
946
957
960
967
985
996
1025
1035
1044
1055
1061
1070
1083
1085
1087
1094
1106
1142
1178
1183
1195
1239
1244
1257
1258
1262
1264
1276
1278
1309
1313
1315
1363
1381
1384
1387
1396
1407
1408
1414
1417
1428
1452
1456
1464
1490
1497
1507
1518
1534
1560
1583
1588
1588
1591
1591
1604
1609
1609
1644
1655
1671
1685
1688
1738
1750
1764
1773
1773
1797
1802
1822
1822
1834
1851
1859
1877
1892
1892
1897
1913
1917
1936
1939
1939
1955
1971
1972
1976
1986
1986
2011
2039
2069
2084
2085
2088
2100
2103
2104
2109
2130
2134
2142
2164
2165
2179
2182
2199
2222
2230
2294
2313
2323
2336
2357
2360
2374
2377
2392
2419
2434
2439
2451
2453
2454
2476
2508
2522
2523
2531
2567
2573
2588
2591
2599
2608
2611
2614
2628
2641
2714
2714
2734
2762
2777
2802
2809
2853
2874
2885
2891
2910
2915
2932
2936
2966
3012
3033
3050
3067
3116
3150
3163
3168
3186
3196
3212
3231
3245
3246
3250
3257
3267
3269
3273
3286
3316
3317
3339
3352
3373
3384
3390
3410
3440
3441
3441
3489
3502
3504
3506
3507
3513
3519
3542
3556
3592
3606
3608
3609
3612
3632
3639
3642
3691
3699
3723
3747
3753
3763
3765
3766
3773
3782
3805
3809
3817
3828
3830
3842
3888
3891
3893
3907
3908
3910
3937
3947
3949
3951
3978
3981
4004
4053
4054
4056
4093
4095
4099
4132
4134
4141
4150
4190
4213
4217
4229
4248
4248
4251
4273
4297
4313
4315
4327
4337
4352
4358
4366
4398
4416
4420
4428
4442
4457
4495
4505
4515
4520
4603
4621
4626
4641
4645
4652
4660
4670
4682
4689
4694
4694
4698
4717
4726
4749
4751
4752
4753
4777
4781
4794
4820
4824
4833
4848
4851
4856
4876
4881
4895
4901
4928
4929
4930
4932
4946
4947
4951
4974
4985
4992
5020
5024
5033
5042
5049
5051
5055
5060
5097
5113
5132
5138
5172
5176
5180
5214
5215
5215
5253
5270
5271
5299
5322
5353
5367
5373
5387
5392
5432
5501
5520
5520
5525
5533
5547
5580
5613
5617
5639
5645
5704
5735
5735
5747
5755
5756
5756
5760
5764
5773
5785
5860
5881
5882
5891
5898
5899
5913
5918
5920
5953
5963
5970
5973
5976
5980
5985
6000
6029
6047
6058
6098
6102
6110
6125
6128
6139
6153
6171
6180
6180
6198
6198
6200
6201
6211
6220
6229
6251
6253
6256
6257
6269
6270
6287
6294
6324
6386
6405
6406
6408
6429
6432
6444
6449
6463
6478
6493
6507
6520
6527
6531
6543
6547
6558
6587
6596
6597
6601
6618
6621
6654
6717
6724
6726
6735
6735
6742
6750
6763
6797
6804
6804
6818
6821
6831
6846
6862
6875
6879
6882
6889
6891
6933
6934
6949
6976
6982
7059
7074
7092
7113
7126
7166
7168
7178
7181
7212
7223
7226
7232
7234
7234
7240
7260
7270
7279
7279
7283
7283
7283
7288
7297
7321
7350
7353
7359
7363
7373
7380
7385
7399
7419
7422
7437
7440
7457
7460
7462
7487
7529
7534
7573
7599
7616
7620
7631
7642
7672
7676
7676
7677
7681
7685
7707
7713
7718
7730
7767
7805
7816
7833
7836
7840
7845
7861
7870
7876
7886
7890
7912
7922
7924
7926
7949
8018
8020
8023
8025
8032
8038
8040
8052
8058
8064
8084
8087
8098
8117
8125
8137
8138
8140
8153
8155
8156
8165
8182
8185
8195
8201
8242
8282
8303
8322
8324
8339
8373
8376
8398
8418
8441
8447
8450
8453
8488
8501
8503
8506
8526
8528
8535
8555
8589
8604
8646
8655
8657
8669
8690
8691
8713
8730
8732
8739
8742
8762
8784
8789
8792
8806
8807
8837
8852
8866
8876
8888
8895
8916
8917
8980
8982
8997
8999
9005
9021
9029
9035
9053
9058
9070
9081
9091
9093
9104
9132
9132
9150
9164
9168
9180
9181
9182
9195
9201
9204
9206
9214
9221
9286
9288
9321
9322
9337
9344
9357
9368
9373
9384
9437
9458
9496
9510
9531
9533
9559
9568
9579
9593
9597
9608
9621
9624
9625
9634
9643
9644
9646
9650
9654
9657
9659
9659
9668
9673
9681
9696
9746
9749
9758
9759
9768
9771
9837
9849
9863
9870
9871
9892
9894
9910
9935
9945
9955
9971
9991
9993
10015
10017
10055
10055
10069
10079
10080
10084
10088
10096
10099
10109
10126
10141
10151
10185
10195
10196
10214
10218
10223
10224
10234
10238
10249
10280
10287
10287
10291
10302
10304
10317
10317
10319
10360
10370
10371
10391
10412
10431
10435
10441
10454
10465
10513
10566
10574
10587
10587
10590
10625
10634
10640
10658
10659
10731
10742
10746
10750
10760
10798
10832
10841
10853
10858
10858
10865
10889
10899
10918
10920
10921
10923
10935
10950
10964
10970
10977
10992
10997
10997
11016
11025
11084
11093
11103
11125
11131
11135
11146
11159
11166
11167
11201
11262
11265
11287
11302
11315
11330
11341
11342
11362
11369
11376
11381
11387
11409
11414
11415
11457
11471
11475
11485
11498
11506
11507
11549
11557
11561
11568
11573
11612
11613
11616
11636
11647
11650
11651
11652
11654
11665
11705
11706
11709
11720
11737
11740
11743
11753
11763
11788
11797
11815
11828
11835
11898
11916
11924
11929
11959
11961
11962
11970
11971
11975
11998
12005
12043
12046
12060
12078
12098
12100
12113
12120
12121
12123
12129
12131
12134
12174
12186
12186
12213
12215
12229
12240
12243
12245
12269
12302
12312
12335
12339
12344
12350
12354
12354
12357
12369
12376
12378
12382
12446
12451
12459
12465
12484
12499
12512
12516
12532
12535
12565
12574
12580
12594
12597
12614
12622
12638
12642
12654
12666
12680
12684
12690
12733
12744
12802
12803
12806
12813
12847
12853
12854
12854
12862
12864
12870
12919
12931
12935
12938
12957
12978
12983
13025
13030
13039
13044
13045
13046
13051
13058
13063
13068
13085
13092
13094
13099
13108
13117
13128
13132
13152
13152
13163
13164
13212
13217
13235
13238
13265
13270
13281
13290
13290
13300
13330
13363
13397
13413
13415
13430
13433
13442
13449
13457
13458
13482
13492
13499
13505
13511
13532
13538
13548
13553
13587
13599
13602
13604
13609
13614
13621
13627
13654
13668
13670
13674
13675
13676
13684
13697
13697
13708
13709
13721
13723
13735
13748
13775
13780
13790
13798
13801
13804
13805
13813
13818
13829
13843
13862
13882
13884
13906
13911
13914
13937
13958
13965
13966
13974
14000
14003
14016
14020
14063
14067
14075
14114
14118
14119
14125
14141
14149
14164
14212
14220
14256
14257
14257
14272
14276
14315
14316
14317
14332
14337
14364
14380
14384
14391
14409
14421
14431
14472
14483
14505
14506
14539
14553
14554
14554
14570
14590
14595
14607
14667
14686
14714
14721
14726
14732
14734
14739
14747
14811
14812
14841
14866
14871
14873
14874
14880
14883
14897
14918
14937
14985
14995
15008
15024
15051
15052
15094
15095
15104
15106
15114
15135
15149
15163
15171
15188
15190
15195
15198
15208
15210
15251
15253
15261
15261
15267
15276
15277
15315
15319
15319
15321
15321
15328
15354
15360
15364
15379
15397
15411
15415
15430
15438
15444
15451
15451
15452
15455
15465
15478
15481
15482
15493
15502
15504
15544
15556
15571
15583
15584
15593
15597
15606
15613
15617
15618
15644
15661
15661
15668
15686
15696
15696
15700
15716
15718
15730
15734
15738
15766
15770
15770
15794
15816
15821
15822
15828
15874
15879
15886
15898
15919
15932
15956
15979
15981
15986
15990
16009
16009
16010
16018
16025
16028
16033
16037
16070
16106
16129
16135
16136
16149
16150
16165
16171
16175
16177
16179
16183
16202
16270
16295
16305
16320
16331
16334
16365
16372
16388
16399
16405
16414
16423
16430
16439
16441
16458
16462
16479
16479
16495
16500
16508
16509
16525
16539
16554
16564
16579
16593
16598
16606
16618
16623
16633
16634
16635
16636
16644
16647
16697
16706
16741
16753
16801
16809
16844
16859
16866
16884
16893
16920
16955
16980
16982
16991
17020
17024
17034
17052
17064
17106
17110
17111
17132
17140
17145
17148
17177
17187
17193
17211
17223
17252
17274
17280
17284
17305
17310
17346
17359
17360
17420
17427
17430
17448
17473
17480
17482
17507
17518
17522
17531
17539
17581
17582
17585
17588
17596
17600
17604
17612
17619
17619
17619
17635
17649
17675
17709
17717
17721
17733
17754
17763
17764
17778
17792
17793
17814
17818
17842
17849
17855
17861
17915
17916
17937
17951
18004
18015
18018
18019
18024
18026
18030
18044
18048
18054
18057
18063
18067
18078
18100
18105
18113
18120
18140
18150
18158
18194
18197
18222
18260
18279
18301
18328
18340
18340
18356
18361
18375
18376
18403
18404
18414
18417
18444
18508
18553
18575
18579
18584
18588
18595
18609
18624
18675
18681
18703
18742
18754
18762
18779
18789
18814
18815
18842
18843
18847
18858
18867
18869
18902
18932
18933
18943
18955
18955
18957
18964
19001
19019
19027
19052
19058
19073
19076
19090
19117
19122
19148
19149
19152
19181
19184
19185
19186
19218
19223
19252
19259
19260
19274
19275
19277
19281
19287
19302
19321
19326
19336
19361
19385
19394
19396
19402
19403
19403
19406
19438
19452
19477
19491
19502
19503
19506
19506
19518
19529
19539
19544
19556
19557
19573
19581
19609
19609
19609
19618
19618
19625
19659
19669
19684
19708
19751
19758
19762
19762
19766
19779
19780
19787
19788
19796
19804
19822
19828
19837
19852
19865
19916
19916
19923
19924
19928
19947
19950
19956
19964
19967
19978
19996
20005
20032
20076
20082
20084
20096
20135
20139
20157
20163
20175
20184
20186
20200
20209
20212
20235
20246
20256
20316
20321
20327
20338
20357
20359
20362
20365
20380
20400
20412
20412
20413
20498
20502
20506
20516
20523
20524
20583
20585
20592
20599
20603
20679
20681
20690
20755
20757
20757
20768
20780
20791
20792
20802
20820
20826
20830
20843
20852
20870
20873
20876
20882
20886
20891
20906
20923
20926
20941
20946
20949
20954
20957
20965
20972
20972
20973
20981
20995
21025
21053
21064
21076
21083
21098
21114
21172
21175
21177
21181
21187
21191
21199
21221
21228
21278
21313
21326
21341
21359
21372
21377
21390
21392
21404
21409
21418
21432
21438
21455
21463
21470
21474
21476
21480
21486
21488
21507
21512
21518
21522
21588
21600
21605
21614
21618
21628
21662
21709
21712
21719
21767
21769
21771
21798
21830
21850
21857
21861
21863
21875
21900
21911
21917
21923
21933
21943
21951
21982
21983
21994
22013
22014
22022
22035
22038
22066
22078
22085
22099
22107
22171
22199
22231
22237
22272
22277
22278
22284
22293
22302
22304
22310
22340
22345
22348
22364
22382
22385
22390
22398
22399
22402
22424
22437
22456
22476
22477
22483
22487
22499
22500
22550
22551
22553
22563
22567
22579
22586
22590
22593
22597
22600
22601
22612
22615
22634
22635
22684
22696
22716
22722
22732
22738
22741
22764
22775
22788
22812
22823
22831
22833
22835
22885
22893
22904
22917
22942
22978
23006
23020
23031
23032
23044
23068
23074
23076
23106
23107
23114
23128
23143
23143
23155
23166
23167
23227
23258
23260
23276
23278
23287
23288
23288
23308
23309
23313
23313
23316
23330
23333
23350
23369
23370
23381
23387
23391
23402
23410
23416
23436
23437
23437
23439
23447
23455
23469
23474
23487
23488
23497
23522
23542
23575
23580
23607
23631
23638
23655
23664
23675
23723
23750
23757
23762
23763
23775
23781
23789
23807
23815
23820
23823
23830
23835
23848
23855
23862
23867
23884
23885
23891
23915
23935
23949
23950
23952
23959
23960
23994
24017
24023
24069
24099
24104
24107
24114
24116
24126
24147
24180
24180
24180
24217
24230
24236
24247
24256
24279
24305
24307
24349
24360
24375
24392
24460
24465
24492
24498
24505
24530
24549
24553
24592
24605
24606
24611
24617
24648
24654
24655
24656
24680
24687
24695
24707
24723
24750
24765
24767
24769
24823
24830
24834
24842
24847
24852
24864
24894
24895
24899
24902
24909
24924
24953
24965
24985
24986
24987
24997
25021
25024
25024
25025
25059
25111
25114
25118
25158
25173
25186
25193
25197
25199
25209
25211
25212
25217
25223
25226
25238
25248
25265
25288
25307
25314
25320
25326
25341
25347
25347
25356
25357
25368
25394
25397
25422
25436
25467
25481
25488
25528
25546
25561
25591
25598
25603
25624
25624
25625
25634
25636
25649
25651
25654
25669
25674
25705
25763
25765
25836
25870
25892
25897
25907
25911
25929
25937
25941
25999
26014
26017
26021
26036
26042
26045
26078
26080
26100
26104
26108
26118
26130
26153
26166
26172
26180
26190
26231
26247
26247
26278
26285
26312
26327
26333
26349
26350
26351
26354
26362
26387
26395
26404
26456
26466
26491
26491
26520
26544
26552
26555
26556
26557
26558
26563
26582
26597
26597
26606
26613
26635
26669
26671
26677
26685
26694
26702
26725
26729
26739
26746
26746
26751
26752
26809
26819
26822
26823
26839
26855
26856
26859
26862
26878
26880
26880
26885
26895
26898
26908
26915
26931
26941
26949
26953
26956
26959
26962
26983
26985
26995
26996
27000
27005
27026
27030
27036
27040
27055
27060
27063
27081
27084
27099
27205
27212
27217
27225
27229
27278
27291
27299
27340
27358
27371
27387
27418
27443
27484
27491
27493
27499
27511
27525
27538
27543
27549
27559
27568
27571
27597
27633
27635
27639
27646
27647
27650
27652
27657
27663
27701
27705
27717
27725
27747
27757
27764
27764
27766
27769
27770
27787
27797
27802
27822
27832
27840
27849
27853
27859
27869
27877
27930
27939
27939
27946
27948
27972
27973
27986
28000
28001
28005
28035
28043
28047
28049
28061
28066
28077
28081
28090
28102
28108
28124
28124
28142
28148
28198
28205
28221
28225
28225
28240
28284
28292
28306
28345
28425
28431
28490
28509
28513
28545
28550
28553
28556
28579
28604
28621
28633
28650
28665
28670
28688
28695
28697
28698
28704
28708
28712
28738
28739
28747
28808
28824
28826
28833
28845
28866
28888
28916
28933
28938
28941
28950
28974
28985
28998
29018
29036
29042
29081
29083
29138
29142
29146
29147
29161
29168
29176
29184
29195
29228
29228
29233
29263
29268
29268
29269
29290
29301
29305
29308
29326
29327
29354
29362
29364
29386
29401
29401
29402
29403
29411
29442
29442
29443
29458
29461
29474
29507
29510
29511
29524
29525
29559
29562
29578
29588
29599
29663
29664
29666
29667
29685
29713
29727
29771
29776
29776
29815
29824
29829
29857
29865
29866
29874
29880
29886
29909
29934
29937
29986
29994
30008
30010
30022
30022
30048
30065
30079
30080
30081
30090
30092
30109
30115
30121
30129
30131
30138
30149
30160
30167
30171
30172
30178
30180
30181
30204
30209
30219
30223
30227
30233
30251
30305
30318
30325
30364
30376
30386
30400
30404
30425
30457
30469
30499
30503
30522
30526
30538
30539
30574
30602
30614
30615
30616
30619
30621
30657
30663
30667
30669
30690
30697
30720
30735
30743
30785
30803
30804
30804
30827
30830
30860
30902
30908
30956
30993
30993
31010
31020
31021
31027
31037
31039
31049
31073
31103
31104
31152
31153
31162
31175
31179
31198
31199
31218
31233
31233
31243
31265
31281
31311
31359
31360
31384
31394
31395
31407
31408
31416
31422
31435
31439
31448
31460
31466
31468
31527
31536
31541
31542
31575
31611
31632
31655
31671
31696
31697
31712
31718
31719
31719
31735
31739
31739
31753
31779
31809
31812
31865
31872
31873
31879
31879
31905
31918
31942
31943
31972
31976
31998
32023
32029
32029
32040
32109
32137
32142
32146
32186
32190
32200
32218
32247
32251
32261
32282
32285
32290
32302
32307
32320
32333
32334
32339
32340
32349
32353
32354
32361
32365
32366
32377
32402
32404
32412
32436
32476
32483
32489
32489
32499
32513
32538
32543
32548
32578
32589
32594
32610
32616
32688
32697
32698
32717
32723
32738
32739
32753

