7
18
28
37
39
54
56
59
67
81
85
107
124
135
144
145
149
160
170
174
194
194
204
216
217
233
240
241
273
275
280
290
292
301
312
333
353
356
356
358
365
368
388
389
398
398
407
426
434
435
441
443
488
492
499
513
534
536
536
547
555
557
557
564
586
588
597
599
600
610
614
627
638
651
663
664
703
714
730
732
739
748
768
771
799
805
829
850
856
861
960
970
970
987
993
1004
1004
1010
1014
1023
1042
1044
1050
1072
1084
1084
1106
1112
1115
1120
1142
1144
1153
1156
1158
1160
1168
1173
1184
1203
1211
1224
1243
1254
1254
1257
1259
1259
1267
1292
1325
1325
1328
1352
1410
1427
1468
1492
1495
1496
1503
1515
1529
1553
1580
1589
1589
1613
1631
1639
1642
1692
1709
1710
1712
1717
1740
1740
1744
1752
1804
1810
1816
1822
1827
1847
1851
1861
1869
1870
1887
1915
1924
1954
1963
1966
1984
1986
2014
2024
2034
2039
2051
2084
2095
2097
2105
2129
2138
2140
2146
2165
2167
2177
2193
2199
2208
2214
2342
2348
2360
2360
2366
2395
2441
2447
2491
2504
2505
2516
2517
2522
2527
2534
2544
2554
2558
2563
2567
2598
2605
2661
2672
2674
2685
2691
2708
2713
2715
2716
2730
2733
2736
2737
2741
2758
2759
2790
2835
2837
2851
2853
2871
2885
2909
2913
2919
2923
2931
2932
2933
2935
2945
2953
2955
2957
2988
3014
3019
3019
3031
3033
3043
3052
3069
3069
3078
3079
3091
3092
3094
3126
3150
3167
3187
3188
3225
3245
3263
3266
3268
3290
3294
3302
3384
3426
3434
3452
3457
3460
3463
3490
3494
3525
3539
3551
3556
3583
3602
3611
3624
3628
3638
3643
3655
3675
3683
3685
3721
3722
3726
3803
3812
3828
3828
3832
3861
3865
3895
3905
3916
3921
3937
3948
3965
3966
3985
3988
4001
4004
4048
4051
4061
4067
4074
4077
4080
4088
4104
4108
4112
4118
4128
4142
4158
4172
4175
4176
4189
4190
4201
4203
4206
4212
4214
4230
4252
4266
4276
4291
4304
4313
4313
4337
4358
4369
4382
4383
4389
4401
4433
4435
4443
4493
4515
4565
4566
4588
4588
4630
4634
4638
4638
4656
4676
4695
4716
4741
4743
4744
4791
4793
4823
4891
4908
4922
4926
4963
4980
4991
5009
5012
5017
5026
5056
5085
5094
5100
5104
5109
5125
5163
5187
5187
5206
5247
5250
5256
5269
5276
5282
5282
5295
5300
5309
5312
5316
5324
5342
5389
5398
5410
5413
5467
5502
5532
5548
5571
5571
5588
5594
5603
5610
5635
5655
5660
5676
5677
5677
5685
5698
5706
5711
5725
5727
5728
5731
5759
5764
5768
5769
5783
5799
5813
5836
5851
5861
5896
5913
5915
5922
5929
5943
5950
5958
5974
5979
5992
5994
6012
6015
6019
6041
6059
6074
6094
6106
6112
6120
6135
6141
6150
6157
6184
6186
6191
6209
6210
6212
6231
6232
6236
6259
6311
6323
6334
6340
6340
6345
6371
6394
6408
6417
6427
6439
6443
6474
6477
6482
6487
6539
6544
6546
6546
6551
6620
6643
6655
6674
6730
6745
6752
6760
6763
6805
6809
6823
6827
6869
6889
6918
6927
6928
6929
6937
6941
6947
6947
6948
6956
6960
6984
6993
6996
7008
7015
7023
7038
7044
7047
7047
7061
7063
7081
7088
7090
7091
7104
7118
7122
7152
7157
7161
7172
7177
7216
7229
7244
7245
7268
7317
7317
7331
7368
7376
7378
7382
7405
7408
7408
7417
7430
7433
7439
7442
7443
7475
7477
7482
7482
7507
7508
7508
7526
7527
7530
7548
7571
7583
7595
7598
7602
7606
7618
7622
7646
7649
7650
7694
7739
7743
7752
7769
7808
7811
7819
7839
7863
7868
7882
7886
7901
7907
7943
7954
7962
7978
8010
8013
8013
8017
8018
8028
8031
8043
8046
8080
8088
8097
8123
8142
8144
8148
8216
8260
8265
8299
8306
8321
8323
8332
8336
8365
8365
8374
8392
8416
8425
8430
8440
8443
8446
8449
8508
8510
8533
8535
8567
8567
8572
8584
8607
8616
8618
8627
8627
8637
8642
8674
8684
8705
8716
8722
8748
8762
8797
8800
8805
8819
8858
8891
8907
8916
8921
8933
8948
8956
8964
8977
8982
8984
8985
8986
8998
9013
9017
9089
9092
9108
9115
9117
9125
9130
9141
9151
9175
9189
9197
9226
9233
9243
9244
9246
9258
9267
9282
9313
9327
9328
9331
9401
9421
9433
9437
9441
9478
9482
9486
9507
9523
9538
9582
9622
9637
9639
9647
9666
9669
9735
9735
9737
9749
9754
9769
9773
9776
9794
9794
9806
9822
9858
9890
9894
9895
9895
9915
9931
9934
9937
9939
9950
9953
9955
9961
9963
9967
9969
9971
9979
9987
9988
10023
10039
10071
10074
10081
10089
10090
10101
10116
10133
10136
10137
10137
10140
10155
10156
10164
10176
10194
10195
10195
10207
10210
10215
10217
10223
10259
10259
10261
10264
10267
10287
10289
10292
10294
10348
10355
10378
10382
10390
10396
10402
10407
10409
10416
10427
10433
10436
10447
10450
10454
10476
10478
10480
10514
10522
10524
10539
10575
10592
10603
10614
10631
10638
10641
10644
10678
10688
10726
10732
10742
10742
10749
10766
10767
10778
10781
10783
10827
10835
10841
10867
10873
10890
10891
10891
10903
10909
10928
10935
10955
10956
10962
10962
10967
10988
10990
10998
11007
11012
11027
11028
11060
11060
11073
11092
11107
11119
11136
11154
11157
11175
11183
11185
11215
11222
11242
11248
11276
11288
11293
11295
11295
11316
11319
11345
11347
11353
11358
11360
11366
11381
11389
11425
11433
11456
11466
11471
11472
11475
11509
11520
11521
11525
11526
11527
11530
11553
11579
11588
11596
11623
11629
11641
11643
11673
11693
11694
11698
11702
11729
11732
11759
11762
11797
11800
11838
11849
11882
11895
11898
11902
11905
11932
11932
11943
11965
11977
11983
12001
12008
12008
12013
12041
12046
12083
12121
12139
12166
12167
12175
12177
12177
12179
12180
12194
12197
12224
12241
12274
12292
12312
12328
12329
12330
12388
12426
12426
12431
12435
12452
12453
12455
12545
12550
12551
12558
12559
12561
12575
12577
12584
12585
12609
12615
12627
12636
12638
12646
12666
12700
12701
12719
12745
12750
12791
12804
12814
12818
12820
12828
12838
12840
12865
12867
12867
12875
12879
12886
12927
12943
12950
12975
12976
12992
13010
13019
13051
13059
13062
13070
13082
13086
13090
13090
13113
13130
13139
13153
13181
13182
13214
13215
13223
13237
13259
13295
13308
13315
13319
13328
13354
13362
13365
13373
13374
13377
13402
13412
13415
13417
13449
13480
13535
13536
13543
13550
13555
13558
13559
13575
13577
13613
13616
13633
13642
13643
13661
13669
13678
13694
13698
13719
13720
13773
13777
13795
13801
13802
13814
13820
13845
13850
13863
13870
13871
13885
13934
13987
13990
14012
14016
14031
14031
14032
14035
14037
14041
14044
14051
14057
14060
14063
14065
14071
14086
14110
14113
14113
14142
14147
14152
14155
14157
14185
14197
14217
14249
14264
14267
14284
14301
14307
14352
14375
14413
14424
14425
14440
14511
14512
14512
14526
14531
14550
14559
14562
14588
14595
14603
14678
14686
14688
14700
14703
14726
14732
14795
14820
14846
14856
14865
14869
14881
14897
14898
14907
14908
14930
14960
14971
14974
14977
14980
14980
14985
15013
15042
15044
15050
15073
15086
15123
15131
15153
15153
15170
15171
15179
15192
15199
15206
15221
15249
15249
15262
15264
15268
15305
15312
15318
15331
15334
15336
15341
15343
15356
15359
15377
15379
15397
15405
15407
15410
15411
15427
15433
15443
15450
15476
15508
15509
15519
15525
15555
15584
15586
15604
15634
15652
15659
15660
15669
15670
15694
15710
15722
15723
15744
15750
15755
15762
15777
15785
15785
15802
15804
15807
15819
15820
15836
15837
15863
15866
15879
15886
15913
15920
15931
15936
15987
15995
16029
16031
16092
16099
16173
16185
16209
16214
16242
16243
16248
16249
16253
16273
16276
16298
16301
16308
16313
16334
16335
16336
16339
16349
16359
16378
16393
16419
16469
16478
16480
16482
16521
16521
16533
16541
16548
16575
16577
16578
16603
16615
16622
16629
16630
16633
16654
16664
16664
16677
16680
16691
16710
16711
16726
16773
16777
16787
16814
16852
16875
16895
16976
16984
16990
16993
16997
17012
17035
17036
17049
17059
17083
17098
17115
17117
17117
17133
17142
17142
17173
17185
17199
17208
17254
17256
17262
17272
17279
17303
17320
17335
17341
17344
17346
17350
17357
17366
17379
17407
17409
17418
17423
17427
17429
17431
17442
17459
17477
17487
17495
17496
17496
17499
17527
17534
17554
17557
17563
17586
17607
17622
17636
17636
17647
17648
17668
17670
17680
17680
17683
17687
17693
17708
17718
17728
17743
17749
17763
17772
17775
17808
17812
17823
17843
17848
17859
17862
17889
17905
17909
17916
17945
17947
17954
17961
17985
17999
18004
18006
18016
18025
18034
18057
18058
18128
18134
18149
18152
18171
18176
18193
18203
18205
18235
18280
18283
18287
18293
18300
18325
18334
18336
18356
18358
18358
18381
18414
18425
18437
18440
18441
18446
18465
18471
18475
18476
18496
18504
18558
18559
18573
18598
18643
18657
18664
18665
18680
18684
18693
18696
18705
18711
18719
18720
18724
18744
18744
18756
18764
18806
18812
18815
18817
18821
18829
18834
18836
18842
18845
18847
18851
18858
18870
18883
18886
18888
18908
18945
18953
18966
18972
18987
18996
19004
19006
19035
19037
19041
19047
19070
19091
19091
19092
19094
19108
19109
19119
19120
19122
19123
19143
19163
19169
19174
19192
19217
19223
19226
19234
19252
19255
19271
19287
19298
19333
19347
19349
19354
19386
19397
19412
19439
19471
19476
19476
19486
19487
19505
19511
19531
19537
19542
19546
19554
19565
19572
19584
19592
19627
19666
19694
19726
19735
19737
19740
19758
19764
19793
19807
19818
19818
19833
19846
19867
19878
19880
19884
19908
19909
19912
19915
19918
19923
19927
19929
19936
19947
19953
19965
20009
20037
20073
20104
20105
20110
20132
20141
20154
20162
20166
20184
20196
20210
20216
20234
20235
20261
20263
20281
20309
20313
20355
20359
20386
20400
20416
20420
20446
20448
20453
20461
20464
20465
20485
20487
20493
20499
20504
20505
20507
20534
20539
20547
20556
20558
20590
20604
20609
20641
20644
20651
20655
20683
20686
20706
20738
20740
20740
20743
20753
20761
20801
20818
20825
20833
20841
20845
20847
20870
20878
20880
20890
20911
20923
20966
20988
20993
21010
21018
21021
21021
21021
21030
21053
21059
21092
21098
21103
21104
21131
21153
21170
21178
21187
21209
21210
21221
21233
21267
21322
21354
21364
21375
21382
21387
21393
21409
21420
21421
21426
21430
21430
21447
21465
21470
21481
21498
21499
21514
21524
21537
21548
21557
21570
21571
21632
21639
21662
21668
21673
21699
21710
21713
21744
21751
21751
21755
21763
21766
21786
21796
21801
21802
21810
21811
21824
21845
21852
21859
21897
21899
21905
21927
21930
21953
21954
21954
21965
21972
21973
21974
22000
22039
22046
22053
22057
22071
22084
22103
22112
22125
22134
22159
22166
22194
22199
22199
22209
22223
22230
22265
22271
22317
22352
22373
22397
22424
22459
22460
22463
22474
22491
22520
22523
22526
22531
22535
22565
22588
22591
22617
22655
22661
22743
22752
22778
22783
22829
22855
22860
22891
22899
22934
22938
22971
22971
23002
23009
23029
23035
23053
23071
23080
23088
23090
23094
23098
23127
23169
23186
23194
23209
23211
23238
23254
23256
23278
23288
23294
23313
23313
23324
23331
23337
23355
23376
23389
23390
23416
23421
23438
23463
23478
23479
23490
23536
23538
23553
23556
23558
23573
23615
23636
23652
23660
23697
23698
23712
23746
23763
23778
23784
23791
23817
23852
23864
23867
23873
23878
23907
23926
23942
23950
23958
23965
23970
23976
23980
23985
23995
24023
24036
24068
24103
24109
24114
24119
24155
24158
24171
24207
24210
24223
24228
24282
24293
24310
24322
24352
24369
24383
24402
24406
24407
24414
24425
24435
24448
24455
24480
24483
24516
24519
24524
24526
24529
24539
24585
24586
24612
24612
24614
24617
24644
24648
24660
24666
24675
24704
24707
24716
24724
24730
24738
24743
24744
24749
24752
24797
24813
24826
24833
24842
24866
24866
24873
24880
24885
24891
24898
24910
24927
24933
24948
24950
24958
24969
24982
25031
25044
25053
25070
25077
25080
25102
25113
25114
25123
25128
25131
25145
25147
25152
25184
25197
25211
25237
25253
25266
25295
25298
25302
25323
25331
25335
25337
25350
25352
25354
25385
25398
25417
25419
25420
25443
25450
25452
25459
25462
25500
25505
25542
25559
25581
25590
25607
25614
25616
25627
25645
25695
25703
25707
25709
25721
25737
25751
25769
25784
25794
25803
25903
25905
25914
25924
25941
25950
25957
25981
26012
26017
26020
26051
26073
26087
26110
26117
26130
26136
26144
26159
26171
26195
26200
26203
26218
26225
26225
26234
26244
26253
26258
26264
26269
26274
26282
26285
26296
26309
26312
26324
26364
26403
26407
26421
26476
26488
26489
26523
26530
26545
26549
26556
26577
26586
26606
26634
26645
26647
26648
26656
26668
26714
26733
26738
26758
26760
26790
26800
26805
26818
26826
26838
26849
26876
26882
26889
26896
26909
26918
26931
26974
26978
26992
26994
27006
27010
27022
27025
27027
27030
27044
27048
27058
27076
27097
27127
27162
27172
27192
27197
27211
27239
27243
27263
27277
27295
27330
27335
27338
27347
27348
27355
27375
27384
27386
27390
27410
27417
27434
27451
27459
27538
27557
27568
27611
27620
27664
27666
27675
27678
27703
27718
27728
27786
27787
27796
27810
27817
27838
27848
27849
27852
27862
27881
27915
27921
27929
27930
27936
27953
27955
27962
27982
28007
28022
28034
28045
28047
28047
28072
28097
28101
28101
28113
28140
28158
28158
28159
28167
28194
28197
28210
28237
28243
28246
28287
28308
28315
28323
28324
28328
28339
28342
28349
28353
28356
28367
28410
28443
28461
28487
28495
28496
28500
28507
28515
28528
28557
28566
28567
28576
28619
28635
28640
28650
28675
28676
28717
28741
28749
28755
28777
28790
28796
28799
28799
28819
28839
28846
28861
28887
28915
28916
28923
28957
28961
28965
28976
28992
28992
28997
28997
29005
29099
29103
29129
29133
29134
29136
29144
29150
29161
29165
29165
29167
29171
29185
29194
29201
29204
29206
29209
29210
29225
29246
29247
29268
29284
29291
29343
29376
29376
29391
29422
29472
29486
29508
29511
29524
29527
29533
29559
29581
29595
29599
29608
29619
29629
29629
29639
29640
29658
29675
29686
29689
29691
29696
29731
29806
29828
29841
29853
29883
29888
29915
29923
29947
29952
29952
29953
29964
29969
29971
29984
30032
30040
30054
30058
30067
30071
30074
30095
30105
30112
30125
30132
30143
30147
30165
30168
30185
30200
30237
30243
30255
30258
30266
30267
30270
30299
30300
30304
30312
30365
30404
30414
30434
30435
30443
30457
30458
30470
30479
30492
30494
30495
30508
30530
30533
30540
30596
30602
30623
30626
30638
30671
30681
30691
30693
30696
30698
30711
30716
30717
30717
30738
30743
30767
30778
30786
30786
30789
30820
30847
30877
30886
30913
30930
30931
30971
30976
31003
31005
31011
31066
31075
31094
31114
31117
31117
31132
31137
31149
31154
31169
31185
31190
31204
31222
31224
31243
31245
31246
31247
31255
31260
31287
31301
31340
31351
31360
31376
31385
31385
31388
31390
31397
31425
31440
31441
31489
31498
31509
31527
31542
31553
31571
31573
31576
31627
31629
31636
31646
31657
31670
31671
31672
31682
31685
31726
31728
31752
31755
31758
31766
31798
31800
31817
31851
31878
31888
31914
31958
31972
31975
31982
31986
31999
32010
32019
32023
32023
32032
32035
32061
32066
32068
32093
32119
32127
32134
32138
32150
32172
32184
32244
32263
32276
32277
32309
32319
32322
32329
32335
32337
32338
32353
32353
32374
32381
32397
32398
32409
32417
32422
32428
32435
32463
32475
32483
32486
32523
32525
32529
32530
32554
32607
32629
32662
32675
32679
32698
32731
32743
32764

