65
362
427
505
607
635
1214
1355
1453
1532
1706
1984
2030
2223
2309
2444
2498
2730
2801
2887
2922
3109
3472
3666
3723
3827
4211
4811
4988
5024
5078
5349
5447
5456
5715
5767
6297
6380
6526
6727
7254
7437
7445
7470
7667
8604
8771
8863
8895
9067
9735
10041
10660
10806
10877
10963
11307
11413
11707
11725
11784
11847
11944
12055
12226
12436
12552
12604
12683
13127
13197
13210
13763
13956
14400
14614
14668
14723
15112
15630
15975
16024
16081
16527
16535
17116
17281
17330
17384
17495
17497
17826
17899
18578
18774
18807
19063
19141
19258
19277
19304
19487
19502
20753
22636
22786
22930
23058
23264
23651
23653
23777
24096
24271
24294
24688
24752
24787
25131
25151
25489
25898
26218
26330
26355
26475
26581
27386
27671
27749
27939
27969
28164
28764
28856
29139
29231
29366
29414
30052
30326
30482
30708
30753
30824
31182
31317
31331
31332
31484
31602
31603
31688
31735
31843
31925
32017
32136
32422
32507

