17
19
25
26
27
34
38
48
56
58
59
60
60
65
66
67
68
72
79
79
83
96
98
110
112
114
118
119
129
133
134
136
138
142
147
152
157
158
159
160
164
165
170
173
174
177
182
183
183
185
186
189
189
193
194
196
205
209
210
218
228
229
234
235
236
239
242
244
249
251
251
253
260
266
269
277
277
278
289
293
293
297
301
316
318
325
325
330
335
341
350
353
360
362
364
378
384
408
409
409
414
419
420
421
427
427
428
436
437
437
440
442
444
448
449
449
455
456
465
472
476
479
479
494
499
505
505
505
513
516
521
522
522
527
541
542
546
548
552
558
559
559
574
575
578
582
582
586
588
590
592
603
605
607
609
612
612
616
616
626
629
633
635
639
647
649
650
663
665
672
679
679
691
691
694
701
704
705
706
717
719
727
738
739
741
741
742
749
753
755
756
763
787
796
806
817
818
820
826
827
829
833
840
843
847
852
858
880
888
891
906
914
915
915
921
923
927
928
932
941
943
961
966
967
969
970
977
983
985
986
994
996
1002
1009
1010
1016
1021
1024
1028
1028
1029
1031
1034
1036
1039
1050
1058
1064
1084
1085
1087
1093
1094
1102
1105
1107
1114
1114
1130
1132
1141
1144
1144
1145
1158
1166
1176
1181
1186
1191
1197
1199
1201
1201
1201
1202
1202
1204
1205
1207
1208
1214
1219
1220
1222
1236
1240
1241
1245
1249
1253
1255
1257
1260
1260
1265
1266
1267
1271
1274
1281
1288
1292
1295
1296
1303
1303
1303
1304
1306
1309
1313
1317
1321
1322
1324
1328
1332
1337
1340
1346
1346
1347
1350
1355
1359
1360
1372
1376
1379
1382
1382
1383
1385
1393
1399
1406
1408
1409
1417
1419
1421
1423
1425
1431
1432
1434
1434
1442
1445
1453
1453
1457
1458
1471
1476
1480
1481
1482
1484
1487
1491
1496
1499
1507
1509
1513
1513
1513
1515
1516
1517
1519
1523
1525
1526
1527
1527
1529
1532
1533
1536
1537
1539
1540
1543
1547
1556
1559
1574
1575
1588
1591
1595
1596
1599
1603
1610
1616
1622
1628
1630
1635
1643
1645
1651
1655
1658
1660
1669
1672
1678
1678
1679
1682
1684
1690
1691
1703
1704
1706
1709
1712
1713
1714
1720
1720
1721
1721
1726
1726
1731
1734
1737
1738
1740
1741
1742
1743
1748
1749
1751
1753
1766
1767
1771
1776
1790
1796
1798
1802
1814
1814
1825
1827
1828
1828
1830
1830
1831
1833
1833
1844
1846
1849
1849
1859
1860
1863
1864
1864
1880
1882
1892
1893
1893
1896
1898
1912
1913
1914
1916
1916
1919
1923
1926
1932
1935
1942
1953
1964
1965
1965
1969
1969
1978
1978
1981
1983
1984
1984
1990
1992
2007
2013
2016
2017
2017
2024
2024
2028
2030
2031
2034
2037
2043
2047
2051
2051
2076
2093
2096
2101
2107
2112
2129
2130
2132
2141
2141
2148
2153
2156
2160
2167
2177
2177
2178
2182
2186
2187
2189
2200
2204
2213
2214
2217
2219
2220
2223
2223
2224
2225
2226
2226
2228
2228
2233
2235
2235
2243
2246
2249
2250
2257
2262
2265
2267
2271
2279
2281
2288
2294
2298
2309
2309
2312
2316
2318
2319
2330
2331
2333
2334
2335
2339
2342
2349
2350
2352
2358
2366
2370
2372
2378
2391
2391
2398
2409
2422
2426
2427
2427
2427
2434
2440
2444
2453
2455
2459
2465
2470
2474
2478
2487
2488
2489
2495
2498
2502
2504
2508
2509
2511
2515
2543
2544
2548
2557
2571
2575
2577
2592
2593
2595
2597
2607
2608
2609
2611
2614
2622
2628
2633
2638
2638
2640
2643
2650
2657
2664
2672
2680
2681
2681
2681
2685
2688
2693
2704
2707
2709
2709
2711
2712
2729
2729
2730
2738
2742
2745
2748
2754
2757
2763
2767
2770
2777
2781
2792
2801
2801
2805
2807
2807
2810
2816
2829
2832
2835
2837
2850
2864
2870
2878
2878
2879
2883
2884
2887
2895
2896
2898
2904
2907
2909
2911
2916
2917
2919
2919
2922
2924
2946
2949
2955
2955
2964
2966
2969
2975
2983
2984
2988
2994
2995
2996
2997
2999
3001
3004
3017
3017
3030
3032
3035
3035
3035
3039
3041
3042
3047
3049
3051
3052
3059
3062
3063
3064
3068
3083
3087
3088
3089
3089
3090
3096
3097
3100
3108
3109
3112
3112
3113
3130
3133
3133
3137
3138
3143
3145
3149
3158
3159
3165
3167
3171
3172
3177
3185
3191
3194
3194
3198
3198
3206
3213
3217
3218
3219
3222
3223
3231
3242
3243
3254
3264
3265
3269
3269
3274
3277
3277
3279
3287
3287
3289
3299
3313
3315
3318
3322
3335
3341
3342
3345
3349
3351
3351
3354
3354
3360
3361
3366
3367
3368
3368
3371
3378
3385
3387
3397
3397
3397
3413
3416
3420
3421
3426
3434
3438
3439
3439
3440
3443
3446
3451
3458
3459
3461
3463
3466
3472
3473
3475
3477
3479
3481
3486
3493
3497
3503
3515
3518
3520
3520
3529
3540
3547
3554
3559
3560
3560
3563
3569
3571
3576
3584
3590
3590
3596
3598
3599
3599
3601
3602
3605
3609
3610
3615
3616
3621
3623
3624
3626
3629
3632
3634
3639
3640
3640
3643
3650
3652
3653
3666
3672
3674
3689
3699
3702
3708
3709
3715
3718
3723
3727
3734
3735
3737
3738
3745
3750
3756
3761
3764
3770
3774
3781
3791
3793
3800
3801
3810
3811
3817
3824
3825
3827
3827
3829
3835
3835
3846
3849
3851
3853
3860
3862
3870
3872
3876
3885
3886
3888
3889
3895
3903
3905
3906
3908
3909
3911
3916
3920
3923
3925
3934
3938
3942
3947
3948
3949
3956
3957
3959
3964
3971
3977
3979
3979
3980
3989
3991
3994
4005
4009
4016
4035
4035
4038
4041
4047
4053
4053
4053
4055
4063
4064
4067
4068
4071
4077
4077
4078
4079
4081
4087
4097
4099
4099
4100
4101
4106
4108
4113
4115
4116
4120
4129
4131
4136
4146
4149
4149
4156
4156
4163
4163
4164
4167
4171
4175
4177
4179
4180
4188
4188
4190
4192
4192
4196
4198
4200
4204
4207
4210
4211
4215
4218
4219
4220
4221
4221
4225
4227
4229
4231
4231
4234
4236
4238
4241
4243
4246
4248
4254
4260
4263
4267
4281
4289
4294
4297
4298
4299
4303
4312
4316
4317
4321
4328
4329
4335
4340
4343
4345
4345
4358
4358
4361
4363
4367
4371
4372
4376
4381
4381
4383
4385
4386
4392
4402
4404
4406
4409
4410
4413
4417
4418
4418
4419
4424
4430
4432
4437
4442
4443
4446
4448
4449
4456
4456
4460
4470
4484
4489
4502
4511
4512
4516
4518
4518
4521
4523
4527
4527
4528
4531
4532
4542
4550
4553
4553
4561
4566
4577
4581
4583
4591
4600
4619
4623
4629
4632
4633
4639
4640
4645
4647
4649
4657
4657
4657
4666
4675
4678
4679
4686
4692
4692
4695
4706
4709
4710
4716
4720
4729
4740
4746
4747
4755
4758
4761
4764
4769
4771
4775
4778
4785
4789
4792
4800
4803
4805
4811
4812
4814
4826
4834
4840
4843
4844
4849
4850
4852
4865
4865
4874
4875
4875
4876
4877
4877
4878
4879
4881
4883
4883
4887
4887
4890
4890
4891
4899
4909
4910
4912
4913
4914
4917
4919
4931
4940
4947
4949
4956
4961
4968
4968
4970
4970
4972
4975
4975
4986
4986
4988
4999
5005
5008
5015
5016
5017
5022
5024
5031
5033
5036
5040
5056
5057
5058
5058
5059
5059
5061
5062
5064
5069
5076
5078
5080
5083
5090
5091
5092
5100
5102
5109
5114
5118
5119
5120
5124
5126
5131
5136
5138
5141
5143
5143
5147
5149
5150
5155
5157
5161
5163
5174
5175
5180
5181
5195
5199
5203
5205
5208
5228
5230
5241
5244
5258
5262
5265
5267
5268
5280
5282
5286
5288
5293
5294
5294
5298
5298
5298
5305
5319
5326
5328
5332
5335
5349
5354
5366
5368
5368
5370
5372
5384
5389
5390
5393
5398
5399
5429
5430
5432
5444
5447
5456
5456
5464
5470
5475
5476
5487
5496
5497
5500
5504
5506
5512
5521
5523
5527
5532
5536
5537
5547
5557
5558
5560
5561
5565
5567
5569
5570
5575
5577
5584
5589
5589
5598
5604
5605
5605
5606
5615
5615
5624
5626
5633
5634
5638
5642
5643
5643
5645
5650
5658
5659
5670
5673
5673
5677
5680
5682
5684
5687
5699
5703
5711
5715
5719
5722
5722
5724
5731
5732
5732
5739
5740
5744
5747
5749
5751
5757
5757
5759
5766
5766
5767
5779
5790
5794
5796
5800
5802
5812
5815
5815
5817
5825
5827
5831
5833
5833
5835
5835
5837
5854
5854
5857
5861
5863
5866
5873
5873
5875
5880
5889
5903
5903
5908
5909
5910
5913
5914
5916
5921
5929
5932
5942
5944
5949
5950
5953
5953
5957
5962
5970
5971
5982
5991
5991
5999
6006
6006
6009
6011
6012
6023
6026
6026
6027
6039
6047
6052
6055
6056
6056
6061
6062
6063
6074
6077
6077
6078
6078
6079
6080
6082
6085
6086
6086
6092
6096
6099
6107
6107
6111
6113
6132
6134
6135
6135
6135
6137
6141
6145
6153
6163
6163
6175
6177
6180
6182
6182
6188
6210
6210
6213
6216
6228
6232
6242
6244
6245
6246
6249
6250
6256
6259
6273
6274
6285
6297
6298
6302
6303
6305
6306
6308
6316
6319
6322
6322
6322
6330
6331
6336
6338
6342
6354
6356
6362
6363
6367
6369
6371
6380
6389
6390
6391
6392
6395
6395
6397
6400
6407
6411
6419
6425
6425
6428
6429
6436
6445
6448
6461
6463
6465
6468
6472
6472
6474
6481
6505
6505
6510
6516
6523
6523
6526
6535
6537
6538
6539
6539
6539
6544
6565
6575
6578
6593
6603
6605
6608
6611
6623
6626
6627
6629
6632
6636
6637
6638
6639
6649
6650
6657
6658
6666
6666
6670
6672
6680
6680
6685
6686
6689
6689
6702
6709
6709
6710
6710
6712
6714
6722
6727
6737
6739
6745
6745
6747
6750
6751
6753
6768
6768
6769
6771
6775
6782
6785
6790
6804
6816
6819
6821
6832
6833
6850
6850
6854
6857
6862
6863
6871
6881
6882
6887
6891
6896
6898
6901
6904
6907
6908
6911
6912
6914
6916
6923
6930
6935
6936
6943
6952
6971
6982
7004
7005
7006
7024
7032
7041
7045
7048
7052
7055
7063
7063
7064
7067
7072
7077
7083
7086
7092
7096
7097
7097
7099
7107
7112
7114
7114
7122
7124
7126
7128
7133
7136
7136
7139
7140
7150
7150
7156
7159
7171
7186
7189
7200
7205
7207
7208
7210
7215
7220
7226
7227
7254
7254
7260
7263
7264
7281
7282
7283
7286
7287
7287
7294
7304
7313
7317
7318
7327
7332
7334
7345
7345
7345
7351
7354
7355
7365
7377
7390
7393
7396
7401
7412
7419
7423
7430
7434
7437
7440
7445
7445
7454
7455
7456
7457
7458
7465
7466
7469
7470
7477
7480
7485
7485
7492
7495
7496
7497
7502
7508
7517
7520
7522
7534
7535
7542
7546
7547
7547
7551
7553
7556
7560
7561
7564
7564
7567
7575
7593
7599
7612
7614
7619
7619
7623
7624
7625
7631
7636
7648
7653
7661
7664
7667
7672
7678
7682
7687
7693
7693
7694
7697
7700
7714
7714
7722
7725
7735
7742
7748
7752
7756
7758
7763
7776
7782
7785
7787
7787
7787
7789
7793
7794
7797
7811
7819
7820
7822
7830
7839
7842
7849
7851
7856
7859
7859
7864
7865
7865
7869
7879
7888
7901
7906
7909
7910
7915
7916
7917
7918
7918
7923
7932
7934
7934
7940
7941
7954
7960
7963
7977
7987
7991
7998
8004
8004
8005
8008
8011
8011
8013
8015
8015
8016
8016
8018
8023
8027
8034
8035
8036
8041
8048
8052
8059
8061
8074
8075
8083
8084
8089
8090
8091
8097
8098
8101
8109
8110
8114
8116
8120
8123
8125
8130
8130
8139
8144
8152
8153
8163
8170
8172
8177
8179
8181
8188
8193
8197
8201
8201
8203
8209
8216
8221
8226
8227
8232
8232
8235
8236
8246
8251
8251
8254
8257
8258
8262
8268
8277
8284
8300
8301
8301
8301
8301
8309
8310
8315
8317
8317
8318
8320
8320
8323
8324
8332
8332
8333
8334
8336
8340
8341
8348
8349
8355
8363
8363
8364
8367
8369
8381
8383
8389
8395
8396
8402
8406
8409
8409
8412
8420
8421
8423
8424
8424
8430
8430
8439
8443
8444
8449
8453
8457
8475
8477
8478
8482
8485
8486
8492
8503
8503
8505
8507
8519
8524
8525
8525
8531
8533
8541
8551
8555
8558
8574
8574
8579
8581
8601
8603
8604
8611
8617
8624
8626
8629
8637
8641
8642
8652
8653
8670
8677
8689
8689
8691
8693
8696
8705
8706
8707
8722
8725
8731
8734
8746
8746
8748
8749
8750
8765
8767
8767
8769
8771
8774
8777
8780
8780
8781
8784
8785
8790
8791
8791
8793
8803
8803
8809
8811
8812
8814
8818
8819
8820
8823
8827
8844
8846
8847
8851
8853
8857
8863
8872
8874
8874
8876
8883
8883
8883
8886
8890
8895
8895
8895
8899
8907
8911
8924
8941
8941
8941
8950
8954
8957
8969
8970
8980
8981
8983
8990
8999
9005
9011
9017
9019
9020
9021
9021
9022
9023
9024
9033
9036
9040
9044
9052
9055
9056
9061
9063
9063
9067
9068
9073
9074
9080
9087
9103
9111
9111
9112
9118
9120
9132
9134
9137
9145
9151
9153
9159
9160
9169
9179
9182
9182
9185
9193
9195
9195
9211
9222
9223
9223
9224
9230
9230
9231
9232
9241
9251
9259
9259
9260
9262
9262
9266
9269
9278
9282
9287
9301
9308
9311
9311
9313
9318
9318
9318
9325
9326
9329
9331
9333
9335
9335
9348
9356
9357
9365
9366
9377
9387
9391
9396
9403
9403
9418
9422
9423
9424
9426
9429
9430
9432
9434
9441
9453
9457
9459
9465
9466
9475
9478
9478
9482
9486
9500
9500
9502
9507
9509
9515
9520
9526
9526
9527
9531
9533
9534
9536
9538
9542
9542
9542
9543
9552
9554
9555
9555
9561
9575
9578
9578
9585
9593
9597
9597
9608
9611
9614
9618
9626
9626
9627
9627
9631
9634
9640
9644
9646
9655
9655
9656
9666
9692
9694
9699
9709
9724
9726
9727
9730
9732
9734
9735
9735
9738
9739
9747
9750
9753
9755
9758
9760
9762
9762
9767
9778
9783
9789
9791
9793
9794
9799
9803
9809
9813
9822
9833
9836
9838
9849
9860
9865
9869
9876
9882
9886
9886
9887
9890
9893
9897
9910
9914
9915
9919
9922
9922
9925
9933
9937
9945
9954
9963
9965
9970
9974
9977
9978
9980
9980
9981
9983
9985
9985
9996
9997
9998
9999
10002
10007
10008
10010
10014
10014
10017
10025
10025
10028
10031
10034
10036
10040
10041
10042
10046
10054
10081
10089
10090
10094
10095
10096
10097
10107
10110
10116
10116
10118
10119
10131
10133
10134
10137
10143
10143
10145
10148
10149
10155
10165
10166
10166
10168
10173
10174
10175
10185
10191
10194
10199
10205
10220
10222
10226
10227
10228
10232
10234
10247
10250
10255
10258
10262
10270
10285
10286
10292
10294
10297
10301
10304
10305
10305
10320
10328
10329
10336
10337
10343
10345
10348
10348
10348
10350
10358
10359
10361
10362
10366
10367
10374
10376
10388
10391
10403
10405
10406
10409
10413
10419
10421
10422
10426
10430
10432
10436
10437
10440
10444
10449
10454
10458
10460
10467
10472
10473
10477
10483
10485
10495
10507
10509
10517
10521
10528
10534
10541
10541
10543
10549
10559
10560
10563
10565
10571
10572
10575
10575
10576
10582
10583
10584
10586
10587
10587
10591
10597
10598
10601
10602
10611
10618
10619
10620
10620
10621
10621
10635
10638
10645
10646
10646
10649
10652
10656
10660
10662
10663
10664
10669
10671
10671
10673
10680
10689
10696
10697
10698
10700
10710
10722
10723
10723
10727
10732
10732
10734
10737
10739
10739
10740
10745
10753
10756
10759
10761
10766
10769
10775
10777
10780
10784
10800
10806
10814
10818
10827
10830
10833
10841
10845
10849
10857
10874
10875
10876
10877
10879
10884
10894
10899
10904
10904
10907
10915
10916
10919
10930
10932
10941
10945
10947
10949
10949
10949
10959
10961
10963
10964
10968
10969
10970
10970
10975
10977
10977
10979
10980
10982
10996
10997
11001
11001
11012
11014
11018
11024
11026
11031
11032
11033
11035
11038
11042
11050
11051
11053
11054
11064
11070
11072
11074
11083
11089
11103
11106
11110
11110
11113
11115
11116
11118
11119
11121
11125
11127
11131
11133
11169
11174
11178
11179
11186
11186
11193
11198
11203
11203
11207
11213
11217
11219
11224
11225
11228
11231
11235
11253
11254
11274
11276
11281
11291
11293
11297
11303
11303
11307
11307
11309
11311
11313
11314
11315
11315
11318
11319
11331
11336
11337
11339
11341
11342
11345
11345
11348
11351
11352
11358
11361
11362
11366
11369
11377
11390
11400
11405
11405
11410
11413
11416
11420
11424
11425
11427
11429
11434
11438
11440
11444
11452
11463
11465
11466
11473
11484
11491
11501
11511
11523
11532
11539
11540
11557
11559
11561
11564
11569
11570
11577
11591
11594
11595
11599
11600
11605
11608
11609
11610
11623
11628
11636
11640
11640
11643
11644
11650
11661
11666
11669
11672
11672
11682
11689
11689
11690
11692
11696
11697
11707
11723
11725
11726
11733
11734
11743
11746
11755
11755
11762
11764
11774
11775
11776
11779
11783
11784
11794
11799
11800
11801
11802
11805
11808
11809
11809
11814
11816
11821
11824
11826
11827
11831
11834
11847
11866
11870
11875
11880
11884
11896
11899
11906
11906
11908
11911
11918
11918
11919
11927
11929
11929
11934
11941
11943
11944
11947
11950
11953
11954
11958
11961
11963
11969
11970
11971
11976
11984
11988
11989
11990
11994
12000
12001
12005
12007
12008
12023
12026
12026
12029
12038
12042
12048
12048
12052
12055
12060
12061
12067
12071
12071
12075
12076
12083
12083
12083
12084
12086
12086
12093
12094
12094
12102
12112
12118
12120
12121
12126
12129
12130
12138
12143
12146
12162
12164
12173
12174
12181
12181
12193
12198
12206
12210
12211
12218
12220
12220
12226
12231
12232
12241
12254
12255
12265
12281
12283
12292
12297
12303
12309
12309
12312
12319
12327
12329
12333
12334
12336
12337
12338
12339
12349
12350
12353
12359
12360
12364
12367
12367
12370
12378
12380
12381
12388
12390
12395
12399
12399
12407
12410
12412
12422
12426
12430
12433
12435
12436
12436
12437
12438
12441
12462
12462
12463
12465
12475
12475
12478
12481
12484
12496
12499
12499
12500
12500
12500
12501
12502
12503
12504
12505
12505
12507
12527
12533
12534
12537
12547
12549
12551
12552
12554
12556
12556
12558
12561
12564
12566
12575
12576
12580
12582
12584
12586
12588
12598
12600
12601
12603
12604
12605
12606
12612
12619
12631
12632
12642
12646
12650
12650
12661
12670
12674
12677
12681
12683
12683
12685
12688
12700
12702
12716
12719
12721
12721
12744
12744
12744
12752
12753
12753
12765
12766
12766
12769
12774
12798
12799
12802
12810
12811
12813
12814
12820
12823
12826
12827
12838
12847
12848
12857
12862
12867
12873
12879
12880
12884
12891
12900
12901
12902
12908
12911
12913
12913
12914
12915
12921
12921
12921
12923
12928
12929
12931
12931
12932
12934
12934
12937
12941
12942
12946
12950
12950
12950
12951
12952
12954
12954
12954
12954
12958
12960
12962
12962
12965
12971
12971
12979
12980
12983
12988
13015
13018
13027
13031
13038
13043
13048
13050
13053
13054
13054
13060
13068
13075
13076
13079
13080
13088
13089
13093
13108
13111
13114
13116
13118
13121
13125
13127
13138
13139
13147
13150
13156
13159
13160
13164
13165
13166
13170
13172
13176
13182
13188
13188
13192
13195
13197
13197
13209
13210
13212
13213
13216
13216
13220
13221
13221
13224
13226
13233
13239
13239
13244
13248
13249
13250
13251
13260
13278
13287
13294
13300
13303
13305
13316
13323
13323
13326
13335
13336
13336
13340
13341
13344
13353
13366
13367
13376
13377
13377
13379
13379
13386
13388
13389
13389
13393
13395
13396
13400
13409
13412
13413
13413
13416
13427
13430
13438
13442
13452
13462
13464
13468
13473
13474
13477
13488
13494
13495
13496
13500
13507
13508
13508
13511
13515
13516
13516
13523
13523
13525
13525
13534
13534
13536
13538
13543
13545
13558
13560
13562
13567
13571
13573
13576
13576
13584
13587
13589
13590
13590
13597
13601
13602
13605
13606
13611
13615
13621
13625
13626
13626
13626
13642
13650
13652
13654
13656
13659
13661
13668
13672
13674
13674
13679
13680
13681
13687
13689
13690
13691
13693
13700
13704
13705
13706
13707
13714
13721
13721
13722
13726
13733
13734
13737
13749
13754
13756
13758
13758
13760
13762
13763
13768
13772
13785
13786
13792
13796
13802
13817
13819
13824
13825
13852
13856
13862
13864
13865
13866
13867
13873
13874
13875
13878
13882
13886
13893
13895
13900
13903
13910
13910
13912
13912
13913
13914
13924
13925
13928
13928
13931
13939
13944
13950
13951
13954
13954
13956
13957
13958
13960
13966
13970
13988
13991
13999
14001
14019
14022
14023
14024
14024
14025
14032
14045
14056
14059
14059
14061
14066
14067
14067
14068
14074
14076
14080
14082
14087
14093
14095
14100
14111
14115
14119
14119
14120
14121
14136
14141
14155
14167
14172
14176
14179
14180
14182
14184
14187
14189
14193
14196
14198
14202
14202
14210
14218
14219
14219
14222
14222
14223
14230
14231
14232
14233
14233
14235
14242
14244
14244
14245
14248
14256
14259
14270
14275
14282
14285
14289
14289
14291
14298
14303
14304
14305
14313
14315
14318
14319
14320
14322
14323
14323
14327
14328
14328
14330
14330
14334
14334
14335
14337
14338
14340
14342
14345
14352
14354
14357
14360
14361
14363
14370
14374
14375
14375
14378
14392
14392
14395
14400
14403
14404
14412
14414
14414
14420
14423
14426
14429
14430
14430
14431
14432
14435
14436
14442
14443
14444
14451
14454
14455
14461
14465
14481
14483
14486
14486
14491
14501
14502
14504
14505
14523
14527
14528
14529
14531
14545
14548
14552
14558
14560
14562
14567
14568
14582
14584
14587
14589
14596
14614
14614
14620
14623
14625
14627
14632
14637
14645
14647
14655
14657
14668
14673
14675
14679
14685
14686
14687
14695
14700
14707
14709
14716
14723
14729
14735
14736
14747
14748
14748
14749
14753
14754
14754
14754
14758
14759
14759
14759
14762
14763
14770
14771
14778
14782
14783
14788
14793
14794
14797
14825
14826
14835
14837
14840
14845
14846
14852
14854
14862
14863
14866
14866
14872
14872
14874
14876
14878
14878
14889
14893
14895
14905
14913
14913
14915
14916
14918
14919
14921
14925
14925
14925
14935
14935
14936
14944
14944
14947
14947
14954
14967
14968
14972
14974
14981
14986
14986
14991
14992
14993
14996
14999
15010
15029
15037
15039
15052
15056
15063
15072
15079
15101
15103
15110
15112
15114
15117
15136
15140
15141
15143
15148
15152
15152
15158
15174
15175
15180
15189
15192
15192
15192
15196
15198
15204
15211
15211
15211
15212
15229
15236
15241
15242
15246
15248
15253
15255
15262
15263
15267
15269
15271
15273
15273
15274
15279
15284
15289
15294
15306
15308
15323
15328
15336
15340
15342
15342
15344
15351
15362
15375
15376
15384
15387
15396
15401
15403
15409
15412
15424
15424
15424
15438
15443
15455
15462
15465
15471
15480
15485
15491
15493
15499
15500
15500
15503
15507
15514
15520
15531
15533
15534
15534
15537
15553
15558
15569
15571
15572
15573
15573
15578
15583
15584
15589
15592
15596
15604
15623
15623
15625
15629
15630
15631
15635
15636
15639
15644
15649
15660
15661
15670
15672
15682
15690
15697
15703
15705
15709
15712
15720
15733
15734
15735
15738
15741
15745
15746
15749
15750
15754
15760
15760
15766
15770
15770
15781
15789
15796
15797
15798
15802
15802
15812
15821
15822
15822
15823
15825
15832
15836
15837
15838
15842
15851
15852
15853
15865
15866
15867
15873
15874
15881
15883
15893
15899
15901
15902
15904
15908
15912
15926
15928
15933
15943
15946
15954
15966
15975
15976
15977
15988
15998
16000
16000
16004
16011
16016
16020
16024
16026
16031
16034
16037
16046
16054
16060
16060
16066
16075
16077
16081
16086
16095
16098
16112
16114
16116
16119
16125
16128
16131
16136
16143
16147
16149
16151
16159
16165
16172
16174
16180
16181
16191
16196
16199
16200
16206
16208
16209
16220
16222
16227
16232
16232
16234
16234
16238
16243
16245
16249
16251
16273
16278
16279
16284
16285
16289
16289
16296
16297
16298
16301
16303
16304
16305
16310
16311
16313
16319
16319
16320
16323
16324
16326
16328
16328
16329
16329
16333
16333
16335
16344
16351
16356
16363
16363
16368
16377
16379
16381
16391
16397
16398
16407
16418
16421
16421
16424
16424
16427
16431
16431
16434
16448
16452
16454
16455
16455
16457
16457
16463
16469
16474
16482
16484
16498
16502
16507
16508
16509
16512
16515
16516
16526
16527
16527
16532
16535
16540
16540
16546
16549
16554
16555
16564
16564
16578
16578
16582
16584
16584
16589
16590
16590
16594
16596
16596
16602
16608
16609
16614
16614
16617
16641
16650
16651
16659
16664
16667
16671
16680
16681
16684
16685
16690
16691
16691
16693
16703
16703
16720
16727
16729
16732
16740
16752
16757
16759
16773
16780
16781
16781
16783
16794
16794
16795
16801
16802
16803
16803
16810
16811
16816
16818
16821
16823
16830
16832
16832
16833
16841
16842
16843
16852
16854
16860
16861
16867
16867
16879
16883
16903
16911
16914
16914
16915
16916
16921
16924
16946
16948
16949
16960
16961
16963
16968
16968
16969
16974
16978
16979
16979
16982
16983
16990
16996
16996
17006
17007
17008
17008
17010
17011
17013
17015
17017
17023
17024
17027
17029
17031
17031
17032
17033
17036
17037
17037
17037
17038
17052
17054
17063
17066
17070
17079
17081
17083
17095
17098
17103
17103
17103
17106
17110
17113
17115
17116
17116
17117
17120
17121
17123
17125
17130
17139
17146
17147
17159
17165
17171
17172
17173
17179
17181
17182
17183
17184
17190
17190
17194
17208
17214
17218
17228
17232
17232
17239
17240
17240
17252
17253
17254
17265
17266
17266
17278
17279
17280
17281
17281
17284
17294
17297
17302
17303
17304
17304
17330
17335
17335
17336
17346
17349
17353
17370
17373
17373
17384
17387
17390
17407
17408
17412
17416
17417
17418
17422
17424
17437
17451
17454
17461
17465
17466
17468
17482
17491
17492
17495
17496
17497
17498
17498
17505
17511
17513
17514
17516
17520
17527
17528
17532
17534
17536
17537
17540
17544
17548
17551
17552
17554
17564
17565
17573
17574
17580
17585
17588
17588
17589
17590
17591
17592
17593
17598
17607
17607
17619
17620
17624
17628
17630
17632
17636
17643
17649
17657
17658
17662
17676
17677
17681
17682
17687
17687
17687
17688
17688
17693
17701
17715
17716
17717
17717
17720
17723
17723
17725
17736
17740
17749
17753
17753
17764
17765
17775
17778
17783
17788
17792
17797
17799
17805
17806
17810
17812
17817
17820
17820
17823
17825
17826
17826
17829
17837
17839
17842
17845
17863
17869
17870
17875
17877
17878
17878
17886
17886
17888
17893
17893
17896
17896
17899
17900
17905
17909
17911
17913
17918
17918
17923
17930
17933
17940
17945
17945
17945
17947
17949
17971
17973
17975
17975
17984
17986
17988
17991
17994
17997
18001
18004
18008
18008
18009
18014
18015
18016
18023
18023
18028
18032
18033
18050
18055
18057
18058
18060
18060
18061
18070
18075
18076
18079
18080
18091
18093
18095
18103
18104
18109
18125
18126
18128
18128
18132
18134
18134
18137
18138
18140
18143
18160
18161
18172
18179
18180
18181
18184
18188
18199
18199
18200
18205
18205
18206
18207
18214
18232
18232
18233
18236
18237
18244
18251
18253
18258
18258
18274
18278
18279
18280
18281
18281
18298
18306
18306
18310
18320
18322
18323
18328
18331
18336
18338
18346
18357
18357
18358
18361
18366
18370
18381
18382
18388
18392
18396
18399
18404
18406
18416
18420
18422
18422
18425
18432
18435
18443
18447
18450
18453
18455
18460
18481
18481
18490
18492
18495
18496
18504
18512
18516
18517
18523
18527
18535
18536
18546
18553
18556
18559
18577
18578
18603
18604
18608
18610
18611
18613
18620
18628
18631
18631
18635
18636
18639
18645
18649
18655
18657
18657
18660
18664
18668
18670
18674
18679
18682
18684
18684
18688
18704
18706
18710
18710
18714
18728
18736
18739
18740
18746
18748
18754
18759
18771
18774
18774
18778
18781
18784
18790
18792
18792
18799
18807
18807
18810
18811
18818
18821
18829
18835
18844
18844
18852
18859
18861
18861
18868
18877
18877
18885
18887
18893
18901
18905
18910
18917
18925
18927
18929
18932
18942
18950
18951
18957
18958
18959
18959
18963
18972
18977
18978
18985
18987
18991
18999
18999
19001
19005
19015
19019
19021
19022
19024
19029
19031
19031
19046
19051
19059
19063
19068
19076
19076
19077
19083
19084
19084
19086
19090
19094
19095
19100
19102
19104
19106
19108
19112
19127
19131
19136
19138
19139
19141
19145
19146
19148
19155
19156
19166
19172
19181
19182
19187
19188
19191
19206
19207
19243
19244
19246
19248
19249
19256
19258
19263
19272
19277
19281
19287
19293
19297
19300
19304
19305
19305
19313
19320
19322
19323
19328
19334
19335
19336
19337
19342
19349
19354
19360
19369
19375
19376
19377
19378
19388
19394
19405
19410
19412
19412
19421
19421
19426
19431
19431
19440
19443
19453
19468
19470
19474
19476
19477
19487
19494
19502
19505
19507
19508
19514
19515
19524
19530
19533
19537
19544
19552
19558
19560
19561
19579
19584
19588
19592
19593
19612
19631
19632
19636
19639
19640
19640
19642
19650
19651
19655
19659
19660
19663
19671
19671
19674
19674
19679
19684
19684
19692
19699
19700
19701
19702
19702
19706
19707
19708
19715
19715
19718
19725
19727
19730
19741
19746
19754
19762
19766
19768
19778
19783
19785
19789
19808
19808
19812
19815
19817
19818
19818
19823
19824
19833
19838
19841
19841
19842
19845
19848
19853
19853
19860
19861
19877
19878
19884
19884
19887
19890
19892
19895
19897
19899
19908
19912
19924
19926
19927
19942
19947
19948
19949
19955
19962
19963
19963
19971
19973
19982
19983
19988
19989
19996
20004
20012
20014
20015
20015
20027
20030
20030
20034
20041
20044
20055
20057
20065
20069
20078
20080
20090
20098
20102
20104
20104
20107
20107
20114
20133
20134
20134
20135
20138
20141
20144
20147
20149
20152
20154
20154
20159
20166
20170
20175
20183
20184
20196
20200
20209
20230
20231
20234
20240
20249
20256
20257
20265
20268
20274
20275
20278
20281
20283
20293
20294
20308
20309
20309
20310
20318
20320
20322
20336
20337
20345
20352
20353
20358
20364
20366
20366
20368
20373
20375
20377
20386
20388
20392
20394
20397
20399
20399
20400
20405
20410
20412
20422
20427
20428
20429
20435
20440
20441
20446
20448
20454
20455
20458
20472
20473
20479
20482
20494
20497
20501
20507
20514
20522
20527
20528
20536
20537
20557
20561
20567
20574
20575
20582
20586
20594
20597
20599
20601
20606
20613
20624
20626
20629
20641
20647
20656
20661
20661
20664
20670
20682
20687
20688
20688
20693
20694
20697
20698
20703
20706
20709
20727
20729
20729
20730
20734
20752
20753
20754
20761
20764
20774
20775
20776
20777
20782
20783
20790
20792
20792
20800
20804
20804
20806
20809
20813
20814
20817
20830
20830
20839
20840
20841
20841
20845
20845
20849
20854
20869
20871
20878
20879
20879
20891
20891
20892
20893
20896
20899
20913
20914
20916
20918
20920
20928
20930
20936
20952
20953
20962
20962
20963
20963
20967
20975
20977
20989
20989
20993
20995
20996
21004
21009
21014
21016
21017
21017
21018
21018
21026
21028
21033
21035
21041
21056
21056
21057
21058
21067
21071
21072
21072
21082
21082
21084
21100
21104
21112
21117
21119
21128
21130
21137
21141
21144
21153
21156
21171
21173
21182
21186
21190
21190
21200
21201
21205
21217
21221
21231
21236
21239
21243
21246
21249
21253
21253
21255
21256
21270
21278
21283
21287
21292
21300
21300
21308
21311
21312
21314
21315
21317
21325
21328
21332
21337
21340
21342
21345
21351
21356
21363
21363
21364
21372
21373
21374
21375
21376
21376
21378
21383
21401
21402
21406
21406
21407
21408
21410
21410
21421
21424
21425
21431
21431
21433
21437
21442
21451
21454
21456
21458
21458
21462
21468
21469
21470
21491
21504
21505
21507
21513
21516
21522
21525
21533
21538
21538
21541
21548
21551
21554
21554
21558
21560
21561
21563
21573
21573
21574
21575
21578
21579
21580
21584
21584
21589
21599
21599
21600
21604
21605
21609
21619
21619
21620
21625
21634
21642
21644
21644
21647
21651
21652
21655
21656
21658
21665
21669
21677
21684
21688
21711
21713
21717
21721
21722
21745
21746
21747
21749
21750
21753
21768
21772
21773
21781
21788
21789
21789
21792
21799
21804
21804
21804
21804
21814
21817
21819
21823
21827
21829
21832
21840
21842
21846
21846
21848
21851
21853
21865
21869
21870
21872
21879
21879
21882
21885
21886
21890
21898
21911
21914
21931
21933
21935
21938
21948
21950
21960
21961
21967
21969
21972
21994
21995
21996
21998
22000
22015
22016
22017
22027
22030
22031
22037
22038
22039
22039
22040
22046
22060
22061
22063
22078
22079
22080
22080
22081
22082
22084
22089
22093
22102
22107
22115
22116
22120
22124
22128
22129
22134
22136
22137
22139
22140
22142
22145
22146
22147
22149
22155
22158
22165
22172
22173
22183
22183
22184
22185
22187
22195
22196
22198
22198
22204
22206
22208
22217
22217
22222
22227
22228
22230
22232
22237
22239
22244
22248
22252
22252
22258
22259
22262
22270
22277
22278
22279
22279
22283
22284
22289
22290
22300
22305
22307
22308
22310
22311
22317
22318
22327
22335
22336
22336
22337
22337
22339
22343
22350
22351
22352
22352
22353
22353
22365
22366
22369
22370
22375
22381
22385
22387
22388
22389
22397
22399
22401
22403
22407
22408
22408
22409
22410
22418
22419
22432
22433
22434
22441
22441
22447
22456
22459
22460
22465
22471
22472
22472
22476
22477
22484
22496
22497
22500
22500
22501
22501
22502
22508
22512
22513
22517
22526
22527
22541
22548
22559
22559
22560
22566
22567
22571
22573
22581
22581
22587
22587
22591
22593
22595
22603
22603
22605
22610
22610
22612
22622
22624
22633
22636
22642
22644
22646
22650
22652
22655
22661
22666
22673
22674
22677
22679
22692
22699
22699
22703
22710
22716
22723
22723
22724
22727
22736
22737
22739
22740
22746
22748
22749
22749
22750
22752
22759
22767
22770
22773
22774
22781
22783
22786
22791
22806
22807
22809
22828
22830
22832
22834
22836
22842
22849
22851
22852
22857
22862
22863
22866
22871
22871
22878
22879
22888
22889
22899
22905
22907
22919
22922
22925
22927
22930
22932
22943
22945
22950
22959
22966
22972
22978
22979
22982
22985
22995
22999
22999
23000
23003
23006
23011
23013
23018
23018
23026
23028
23028
23034
23035
23036
23040
23050
23055
23058
23060
23062
23066
23069
23070
23072
23084
23087
23089
23094
23098
23101
23102
23105
23111
23115
23123
23124
23132
23138
23154
23169
23178
23178
23185
23186
23186
23195
23195
23203
23210
23212
23214
23218
23218
23221
23238
23239
23245
23246
23247
23252
23255
23264
23268
23271
23276
23279
23280
23281
23281
23282
23285
23286
23292
23294
23297
23297
23297
23299
23302
23302
23311
23325
23330
23337
23339
23340
23343
23355
23355
23357
23366
23378
23387
23391
23394
23407
23412
23413
23414
23415
23416
23421
23423
23425
23426
23427
23430
23430
23431
23434
23436
23441
23441
23442
23447
23453
23453
23456
23457
23457
23460
23460
23463
23467
23467
23470
23472
23474
23493
23498
23500
23509
23516
23516
23518
23519
23520
23523
23526
23531
23534
23535
23540
23540
23541
23548
23551
23558
23562
23566
23568
23573
23574
23576
23587
23597
23609
23610
23611
23612
23612
23614
23616
23616
23616
23618
23628
23638
23642
23644
23650
23651
23651
23653
23660
23664
23666
23667
23670
23672
23679
23680
23684
23686
23686
23696
23703
23707
23711
23715
23727
23743
23745
23752
23755
23755
23763
23771
23772
23777
23778
23804
23809
23812
23819
23823
23825
23834
23834
23846
23849
23851
23868
23875
23875
23876
23877
23880
23890
23891
23894
23896
23908
23909
23909
23910
23922
23924
23938
23939
23949
23952
23952
23952
23955
23963
23969
23973
23979
23981
23990
23990
23993
23993
23995
23999
24006
24013
24018
24018
24024
24045
24052
24059
24059
24063
24068
24074
24078
24079
24079
24080
24086
24096
24103
24105
24107
24118
24126
24127
24128
24131
24136
24137
24138
24140
24151
24152
24153
24158
24161
24161
24171
24179
24186
24188
24194
24198
24209
24209
24209
24214
24219
24222
24223
24225
24235
24243
24266
24269
24270
24271
24280
24291
24292
24292
24293
24294
24294
24295
24299
24303
24315
24318
24318
24319
24320
24320
24321
24328
24329
24331
24336
24341
24342
24351
24369
24377
24378
24383
24396
24399
24403
24404
24404
24406
24409
24417
24418
24427
24435
24438
24442
24443
24445
24458
24460
24462
24462
24465
24466
24471
24477
24480
24486
24492
24492
24503
24508
24518
24519
24520
24525
24531
24535
24537
24537
24548
24548
24551
24557
24558
24565
24565
24566
24573
24579
24586
24589
24592
24600
24608
24613
24620
24626
24634
24641
24641
24654
24663
24663
24669
24672
24673
24680
24683
24688
24690
24690
24691
24693
24693
24700
24707
24718
24721
24724
24734
24735
24735
24738
24746
24752
24756
24759
24760
24764
24776
24777
24786
24787
24788
24790
24797
24824
24830
24831
24841
24847
24851
24853
24855
24865
24873
24875
24877
24887
24888
24897
24898
24904
24905
24906
24908
24914
24916
24917
24919
24921
24923
24924
24933
24936
24945
24946
24946
24952
24953
24965
24978
24986
24986
25002
25002
25003
25004
25011
25016
25024
25028
25034
25040
25046
25046
25048
25049
25052
25056
25063
25064
25065
25067
25069
25076
25081
25081
25082
25087
25095
25096
25097
25100
25102
25104
25115
25125
25126
25131
25136
25137
25143
25148
25151
25152
25153
25154
25154
25162
25165
25174
25188
25188
25194
25199
25202
25205
25209
25217
25218
25225
25226
25244
25247
25250
25252
25253
25254
25256
25266
25294
25297
25305
25305
25307
25310
25311
25312
25314
25315
25322
25322
25326
25329
25337
25350
25354
25356
25357
25357
25369
25370
25373
25377
25379
25389
25396
25396
25402
25403
25406
25410
25413
25416
25418
25420
25421
25427
25429
25432
25440
25444
25466
25469
25481
25484
25489
25491
25493
25495
25501
25502
25506
25527
25539
25546
25549
25550
25553
25554
25557
25559
25564
25569
25571
25589
25591
25592
25598
25606
25616
25616
25616
25616
25618
25622
25626
25626
25626
25629
25630
25631
25636
25639
25658
25659
25666
25668
25671
25674
25681
25683
25685
25686
25691
25697
25697
25705
25709
25717
25723
25727
25729
25732
25733
25736
25736
25737
25738
25739
25742
25749
25749
25752
25771
25778
25779
25779
25786
25786
25792
25794
25803
25809
25811
25823
25828
25829
25832
25839
25843
25845
25846
25858
25865
25868
25870
25874
25878
25878
25882
25884
25884
25892
25898
25907
25910
25915
25920
25920
25922
25923
25942
25943
25944
25945
25947
25949
25956
25957
25958
25965
25966
25970
25972
25977
25980
25981
25983
25984
25988
25992
26004
26010
26014
26017
26018
26023
26024
26035
26040
26041
26050
26066
26068
26069
26074
26076
26077
26081
26083
26094
26105
26106
26114
26118
26120
26120
26123
26133
26139
26141
26146
26147
26149
26149
26153
26154
26155
26159
26164
26170
26183
26183
26196
26201
26208
26211
26218
26220
26221
26226
26233
26248
26250
26261
26261
26264
26267
26268
26270
26272
26281
26292
26295
26300
26305
26307
26313
26322
26326
26326
26328
26330
26333
26339
26344
26347
26355
26357
26361
26364
26374
26378
26400
26407
26408
26413
26416
26422
26429
26444
26448
26460
26463
26467
26468
26473
26475
26486
26487
26495
26496
26497
26501
26504
26511
26516
26517
26528
26529
26530
26530
26533
26538
26541
26542
26542
26542
26554
26557
26568
26572
26579
26580
26581
26582
26589
26589
26594
26597
26597
26605
26609
26611
26623
26625
26626
26632
26634
26645
26647
26652
26653
26654
26662
26674
26679
26688
26693
26709
26718
26723
26724
26725
26726
26729
26730
26734
26735
26738
26743
26752
26757
26758
26762
26775
26777
26780
26780
26785
26786
26786
26788
26792
26794
26797
26798
26800
26801
26808
26809
26811
26811
26812
26826
26835
26848
26849
26851
26852
26862
26867
26881
26881
26882
26894
26896
26902
26904
26907
26909
26914
26915
26918
26929
26931
26947
26958
26963
26965
26972
26972
26980
26982
26987
26990
27006
27008
27017
27019
27024
27024
27027
27028
27028
27033
27038
27040
27040
27044
27056
27057
27060
27060
27061
27069
27070
27071
27072
27081
27085
27105
27106
27110
27113
27114
27118
27120
27125
27135
27136
27137
27139
27142
27143
27154
27165
27165
27171
27171
27172
27193
27197
27199
27200
27204
27210
27230
27238
27241
27248
27250
27259
27274
27279
27287
27292
27293
27294
27304
27307
27316
27321
27325
27328
27331
27334
27335
27340
27343
27346
27352
27359
27363
27372
27378
27384
27386
27387
27387
27389
27392
27396
27398
27401
27402
27406
27407
27415
27418
27420
27423
27428
27434
27442
27461
27481
27483
27485
27491
27492
27493
27496
27499
27506
27507
27509
27512
27513
27513
27514
27524
27525
27534
27542
27544
27549
27552
27561
27562
27568
27572
27589
27595
27599
27603
27610
27611
27614
27618
27618
27624
27625
27626
27630
27635
27638
27645
27651
27669
27671
27671
27671
27675
27676
27679
27681
27682
27693
27693
27693
27697
27699
27700
27706
27711
27714
27722
27725
27728
27737
27741
27743
27749
27751
27754
27758
27762
27775
27786
27790
27793
27794
27795
27796
27804
27805
27808
27815
27820
27821
27826
27827
27831
27835
27836
27836
27837
27852
27853
27863
27864
27866
27871
27880
27885
27887
27889
27890
27891
27903
27908
27909
27913
27918
27920
27923
27926
27928
27932
27933
27933
27934
27939
27940
27944
27947
27955
27959
27960
27964
27965
27968
27969
27971
27972
27983
27986
27990
27990
27999
28003
28005
28006
28009
28017
28027
28032
28041
28041
28045
28050
28050
28058
28061
28062
28069
28074
28078
28083
28089
28090
28095
28100
28104
28105
28106
28113
28114
28119
28120
28125
28126
28141
28146
28159
28160
28160
28164
28168
28169
28170
28173
28173
28179
28181
28189
28196
28198
28201
28202
28202
28203
28206
28207
28211
28211
28214
28217
28218
28221
28223
28227
28231
28238
28238
28240
28253
28254
28260
28262
28262
28263
28264
28274
28278
28280
28284
28284
28285
28289
28290
28290
28296
28300
28303
28305
28306
28306
28309
28313
28315
28322
28338
28339
28344
28348
28352
28352
28362
28363
28365
28373
28375
28378
28384
28386
28392
28393
28404
28409
28413
28417
28418
28419
28419
28423
28425
28428
28429
28431
28437
28437
28437
28440
28441
28441
28447
28451
28454
28456
28461
28466
28476
28477
28483
28486
28493
28495
28496
28497
28497
28504
28506
28511
28511
28517
28520
28523
28525
28530
28531
28533
28539
28540
28558
28559
28561
28561
28566
28566
28566
28567
28567
28573
28574
28575
28577
28582
28587
28592
28601
28604
28607
28613
28619
28625
28629
28631
28640
28648
28651
28652
28654
28670
28677
28692
28697
28711
28712
28722
28723
28732
28735
28738
28741
28742
28744
28749
28756
28764
28767
28781
28787
28799
28799
28818
28822
28822
28829
28836
28839
28841
28842
28846
28848
28850
28850
28856
28861
28862
28869
28874
28877
28878
28881
28884
28888
28890
28892
28892
28894
28896
28900
28902
28905
28905
28911
28919
28933
28943
28946
28946
28949
28952
28961
28964
28965
28967
28975
28978
28979
28981
28982
28983
28985
28994
28995
28996
29002
29003
29004
29015
29021
29025
29027
29038
29039
29041
29041
29044
29046
29061
29067
29068
29074
29076
29079
29085
29088
29093
29093
29103
29103
29105
29109
29113
29114
29115
29118
29118
29125
29129
29139
29140
29141
29148
29149
29154
29159
29161
29164
29174
29178
29186
29190
29191
29194
29199
29205
29214
29217
29222
29224
29231
29233
29234
29237
29238
29242
29242
29254
29258
29258
29258
29261
29269
29281
29287
29289
29290
29291
29294
29297
29298
29300
29309
29310
29310
29321
29328
29331
29333
29342
29342
29346
29346
29349
29350
29354
29356
29356
29356
29358
29358
29362
29366
29369
29374
29375
29379
29394
29399
29414
29422
29425
29440
29441
29442
29444
29445
29455
29457
29465
29478
29482
29483
29484
29486
29494
29502
29506
29509
29515
29524
29524
29525
29525
29535
29537
29537
29539
29539
29542
29551
29552
29560
29564
29576
29582
29586
29589
29590
29593
29595
29598
29602
29611
29614
29619
29619
29624
29624
29632
29633
29644
29651
29662
29666
29667
29669
29669
29670
29686
29689
29693
29694
29695
29698
29704
29711
29713
29717
29719
29721
29725
29728
29732
29733
29736
29736
29743
29747
29755
29757
29757
29772
29787
29807
29808
29809
29810
29821
29824
29826
29838
29851
29855
29857
29858
29858
29875
29876
29878
29879
29881
29886
29900
29907
29909
29915
29923
29925
29926
29934
29936
29941
29941
29955
29957
29960
29960
29964
29981
29982
29987
29992
29998
30005
30009
30010
30012
30015
30022
30029
30031
30035
30036
30045
30049
30052
30059
30061
30063
30064
30064
30085
30089
30091
30097
30104
30110
30125
30125
30139
30140
30144
30153
30159
30160
30163
30174
30175
30183
30186
30193
30198
30201
30206
30221
30221
30236
30237
30242
30253
30257
30262
30268
30275
30288
30295
30307
30311
30312
30312
30318
30326
30327
30332
30336
30336
30338
30339
30341
30342
30346
30354
30357
30375
30383
30383
30384
30388
30389
30395
30402
30405
30406
30409
30415
30421
30421
30422
30424
30424
30426
30450
30455
30457
30460
30466
30467
30472
30473
30481
30482
30483
30488
30496
30500
30503
30516
30518
30535
30544
30550
30551
30552
30558
30563
30566
30567
30573
30575
30576
30578
30581
30585
30591
30595
30596
30609
30614
30620
30622
30625
30634
30644
30647
30649
30650
30654
30660
30665
30665
30674
30676
30679
30681
30689
30689
30696
30703
30708
30708
30710
30719
30723
30725
30726
30739
30746
30753
30755
30756
30762
30764
30769
30777
30782
30782
30785
30788
30791
30809
30809
30810
30811
30811
30813
30814
30822
30824
30826
30827
30828
30831
30835
30836
30839
30840
30841
30843
30843
30843
30846
30850
30857
30857
30858
30862
30872
30879
30889
30890
30893
30902
30908
30914
30926
30930
30930
30938
30942
30946
30948
30952
30957
30958
30964
30964
30965
30967
30970
30971
30978
30981
30987
30991
30992
30994
30997
30999
31002
31009
31010
31026
31027
31040
31056
31058
31067
31070
31078
31078
31079
31079
31080
31084
31091
31097
31102
31102
31113
31113
31114
31121
31124
31124
31127
31137
31137
31138
31158
31162
31162
31176
31182
31184
31184
31187
31193
31197
31197
31209
31210
31214
31215
31217
31219
31230
31240
31251
31255
31260
31265
31265
31266
31269
31278
31278
31279
31280
31282
31297
31301
31301
31301
31302
31302
31302
31303
31304
31305
31314
31317
31320
31322
31324
31326
31330
31331
31332
31337
31342
31344
31349
31350
31355
31376
31376
31377
31385
31388
31390
31393
31395
31406
31411
31414
31417
31420
31423
31426
31437
31439
31444
31469
31475
31476
31476
31478
31484
31485
31485
31488
31489
31493
31494
31495
31495
31498
31502
31512
31519
31521
31523
31523
31528
31534
31536
31539
31542
31546
31547
31553
31554
31559
31560
31561
31568
31568
31569
31572
31575
31578
31579
31580
31581
31588
31590
31594
31599
31599
31602
31603
31604
31607
31613
31623
31623
31628
31629
31632
31635
31638
31641
31652
31653
31654
31660
31660
31662
31663
31670
31671
31672
31688
31689
31690
31702
31706
31711
31714
31720
31727
31728
31729
31735
31748
31751
31753
31753
31756
31758
31764
31772
31775
31776
31776
31791
31792
31793
31801
31801
31802
31810
31819
31822
31828
31832
31843
31859
31862
31865
31869
31872
31875
31883
31883
31884
31884
31886
31887
31889
31896
31897
31898
31910
31913
31917
31918
31919
31922
31922
31923
31925
31926
31934
31939
31941
31944
31957
31960
31969
31973
31980
31980
31984
31992
31997
32000
32006
32014
32015
32016
32017
32020
32021
32021
32022
32023
32030
32031
32033
32036
32038
32046
32046
32049
32050
32054
32054
32055
32055
32055
32058
32061
32062
32063
32073
32073
32078
32088
32090
32097
32097
32106
32110
32119
32119
32120
32121
32122
32126
32130
32136
32137
32146
32151
32160
32171
32177
32190
32194
32196
32224
32232
32235
32241
32246
32254
32262
32273
32292
32294
32307
32311
32330
32333
32341
32345
32353
32353
32361
32372
32375
32375
32383
32384
32392
32404
32405
32409
32410
32414
32414
32418
32421
32422
32427
32431
32437
32440
32442
32442
32442
32450
32450
32453
32459
32464
32465
32470
32471
32474
32485
32493
32497
32506
32507
32507
32526
32547
32549
32550
32553
32559
32563
32563
32570
32570
32577
32587
32613
32618
32622
32627
32631
32631
32633
32639
32640
32644
32653
32654
32655
32678
32682
32685
32692
32702
32703
32703
32707
32710
32716
32718
32718
32720
32730
32734
32745
32752
32755
32757
32761
