5
13
17
38
45
60
81
86
94
94
97
130
138
157
161
166
186
208
235
253
253
269
278
294
297
298
334
359
382
387
395
399
421
436
438
444
483
499
556
599
601
606
611
616
630
652
658
678
690
690
706
706
718
719
731
753
766
768
786
789
809
824
833
836
904
909
916
925
956
959
970
971
985
999
1022
1044
1059
1075
1082
1115
1116
1120
1128
1154
1167
1232
1249
1266
1281
1291
1294
1312
1333
1338
1340
1341
1344
1347
1357
1357
1396
1407
1407
1445
1457
1462
1462
1466
1468
1493
1514
1529
1533
1551
1582
1584
1598
1608
1619
1635
1636
1639
1649
1654
1669
1673
1713
1737
1742
1791
1812
1818
1825
1845
1897
1904
1910
1925
1929
1944
1953
1966
1992
1994
2000
2004
2007
2029
2035
2044
2059
2062
2072
2098
2099
2099
2100
2102
2105
2169
2174
2187
2208
2221
2232
2281
2281
2302
2304
2307
2307
2323
2326
2336
2341
2374
2381
2381
2383
2409
2415
2427
2433
2469
2476
2477
2477
2486
2492
2519
2536
2537
2567
2578
2601
2609
2613
2616
2677
2683
2684
2699
2737
2745
2749
2761
2777
2813
2862
2871
2890
2923
2927
2938
2940
2941
2948
2958
2965
2988
3006
3021
3025
3044
3052
3080
3086
3102
3190
3219
3235
3247
3295
3298
3312
3313
3340
3373
3392
3404
3440
3441
3457
3459
3464
3477
3479
3512
3545
3550
3555
3574
3574
3581
3591
3612
3651
3656
3667
3668
3674
3690
3700
3711
3725
3782
3796
3806
3807
3834
3875
3885
3887
3897
3922
3934
3966
3967
3980
4016
4016
4028
4069
4079
4080
4101
4108
4126
4136
4183
4195
4218
4256
4277
4292
4294
4306
4310
4314
4314
4318
4350
4364
4384
4397
4417
4428
4433
4442
4448
4457
4469
4490
4498
4507
4538
4542
4551
4557
4564
4566
4574
4587
4602
4607
4621
4632
4658
4659
4662
4673
4682
4686
4720
4741
4757
4765
4786
4798
4811
4823
4835
4840
4854
4854
4863
4937
4946
4947
4948
4972
4992
5027
5028
5060
5118
5120
5122
5127
5131
5133
5185
5203
5204
5224
5225
5234
5235
5237
5243
5251
5253
5255
5273
5274
5279
5281
5300
5325
5370
5374
5377
5396
5425
5449
5453
5462
5473
5478
5484
5493
5524
5525
5526
5535
5536
5537
5544
5554
5570
5576
5578
5581
5588
5593
5594
5604
5615
5639
5658
5684
5722
5730
5740
5753
5796
5802
5809
5815
5820
5837
5837
5858
5859
5866
5884
5911
5913
5939
5939
5943
5954
5955
5964
5979
5980
5989
6003
6019
6021
6023
6029
6032
6047
6055
6063
6064
6111
6128
6133
6161
6169
6176
6186
6204
6205
6218
6228
6231
6232
6243
6258
6272
6281
6306
6308
6317
6329
6331
6347
6350
6392
6403
6406
6458
6460
6464
6479
6516
6526
6527
6532
6534
6541
6551
6563
6588
6592
6599
6603
6612
6616
6626
6637
6659
6661
6688
6691
6695
6702
6715
6716
6729
6758
6759
6760
6764
6768
6771
6804
6807
6809
6826
6829
6831
6880
6885
6907
6919
6922
6932
6934
6941
6948
6950
6974
6981
7007
7054
7077
7100
7101
7119
7125
7126
7132
7138
7158
7169
7202
7209
7219
7220
7227
7228
7247
7253
7267
7284
7288
7294
7305
7317
7318
7327
7333
7335
7341
7367
7376
7405
7407
7418
7431
7439
7461
7461
7464
7464
7481
7510
7576
7579
7580
7587
7627
7659
7660
7673
7679
7680
7697
7700
7709
7712
7713
7715
7717
7728
7751
7751
7771
7779
7810
7811
7812
7830
7838
7841
7843
7858
7858
7886
7890
7904
7915
7957
7967
7968
7971
7986
7994
8023
8046
8063
8070
8076
8103
8123
8153
8158
8170
8171
8173
8179
8186
8194
8204
8213
8241
8258
8309
8341
8344
8360
8365
8376
8376
8425
8458
8476
8499
8534
8570
8572
8587
8594
8599
8610
8611
8617
8638
8646
8671
8714
8731
8734
8739
8762
8764
8785
8787
8790
8802
8844
8858
8858
8858
8877
8880
8889
8896
8920
8922
8925
8937
8944
8946
8956
8963
8975
8976
8994
9008
9009
9031
9056
9083
9088
9089
9097
9098
9106
9112
9123
9128
9133
9143
9144
9152
9166
9176
9181
9191
9193
9196
9223
9223
9224
9237
9244
9258
9273
9278
9282
9295
9307
9307
9317
9344
9347
9368
9376
9378
9380
9400
9414
9433
9437
9470
9478
9485
9489
9506
9506
9509
9515
9517
9526
9530
9537
9554
9554
9568
9586
9606
9612
9623
9631
9633
9640
9649
9655
9656
9672
9672
9679
9690
9713
9733
9739
9743
9751
9764
9770
9779
9790
9802
9810
9837
9842
9852
9856
9864
9868
9869
9877
9880
9881
9915
9920
9934
9937
9945
9992
9993
10010
10029
10035
10038
10046
10067
10086
10092
10099
10107
10108
10109
10126
10131
10138
10145
10168
10171
10190
10190
10193
10216
10223
10224
10238
10244
10270
10279
10292
10307
10313
10314
10325
10340
10397
10426
10445
10456
10458
10474
10475
10482
10492
10513
10528
10540
10540
10548
10560
10561
10567
10578
10618
10640
10643
10649
10649
10662
10679
10682
10686
10718
10733
10758
10771
10773
10787
10789
10824
10828
10847
10853
10868
10885
10891
10900
10943
10981
10986
10997
11024
11027
11089
11099
11100
11103
11103
11121
11139
11139
11146
11152
11156
11163
11175
11184
11197
11202
11209
11215
11220
11247
11251
11276
11278
11304
11345
11347
11383
11386
11404
11418
11418
11425
11448
11450
11462
11477
11523
11528
11536
11560
11572
11596
11601
11627
11637
11683
11729
11738
11748
11786
11813
11823
11833
11838
11848
11866
11874
11875
11878
11879
11882
11886
12004
12008
12012
12035
12043
12047
12052
12061
12127
12129
12133
12144
12153
12174
12191
12203
12217
12218
12230
12255
12277
12298
12318
12325
12350
12367
12377
12411
12433
12472
12497
12502
12509
12518
12521
12541
12541
12555
12557
12561
12569
12577
12587
12592
12635
12643
12647
12675
12679
12682
12692
12699
12703
12710
12711
12712
12750
12757
12800
12801
12808
12810
12815
12847
12859
12860
12863
12864
12867
12872
12873
12881
12890
12893
12911
12926
12929
12959
12961
12973
13010
13038
13052
13062
13082
13093
13112
13113
13136
13142
13145
13155
13174
13182
13188
13189
13195
13196
13205
13209
13210
13213
13238
13256
13261
13309
13330
13335
13340
13356
13357
13374
13383
13403
13436
13463
13468
13475
13476
13478
13504
13507
13538
13544
13545
13552
13563
13563
13574
13581
13595
13596
13611
13622
13647
13651
13652
13709
13721
13740
13742
13743
13786
13795
13815
13819
13822
13830
13845
13846
13848
13869
13883
13884
13886
13897
13898
13898
13914
13925
13936
13960
13985
14021
14026
14046
14060
14062
14064
14079
14093
14099
14099
14115
14123
14164
14175
14190
14199
14239
14241
14307
14315
14334
14335
14344
14345
14373
14378
14389
14397
14403
14444
14459
14464
14468
14486
14492
14517
14521
14526
14526
14538
14548
14590
14612
14632
14636
14638
14643
14649
14654
14663
14669
14683
14686
14696
14700
14706
14732
14737
14742
14754
14778
14781
14785
14797
14813
14822
14822
14834
14904
14905
14917
14928
14937
14948
14983
15000
15005
15059
15061
15083
15087
15108
15112
15117
15122
15137
15196
15196
15199
15200
15201
15219
15219
15226
15244
15248
15272
15286
15298
15337
15344
15353
15378
15379
15389
15390
15397
15413
15426
15430
15432
15439
15452
15453
15489
15490
15490
15504
15508
15521
15535
15564
15600
15615
15619
15629
15640
15641
15641
15653
15655
15665
15670
15692
15711
15716
15752
15772
15782
15788
15802
15809
15813
15835
15866
15869
15896
15915
15923
15923
15927
15945
15951
15955
15963
15970
15986
15993
16036
16038
16040
16064
16066
16067
16071
16085
16088
16094
16114
16122
16139
16143
16144
16172
16183
16236
16244
16248
16251
16253
16284
16287
16295
16297
16299
16311
16349
16379
16383
16395
16412
16425
16427
16439
16456
16457
16471
16486
16528
16529
16574
16579
16583
16583
16593
16614
16654
16666
16675
16681
16688
16700
16705
16709
16718
16735
16738
16743
16755
16758
16759
16765
16785
16806
16809
16810
16835
16838
16843
16859
16866
16892
16910
16915
16922
16939
16944
16949
16953
16975
16976
16988
17014
17022
17023
17024
17026
17063
17096
17097
17098
17111
17120
17140
17148
17160
17167
17178
17226
17234
17240
17248
17267
17271
17287
17291
17293
17317
17319
17333
17349
17354
17354
17371
17373
17400
17412
17422
17424
17426
17428
17436
17496
17517
17566
17576
17617
17617
17628
17635
17654
17665
17692
17735
17742
17749
17785
17787
17821
17834
17861
17897
17898
17925
17927
17933
17945
17948
17949
17955
17956
17957
18006
18008
18017
18042
18044
18045
18067
18086
18113
18115
18129
18143
18167
18171
18178
18213
18215
18227
18230
18235
18247
18251
18262
18264
18266
18275
18306
18308
18328
18365
18395
18397
18406
18419
18427
18434
18448
18449
18456
18477
18482
18495
18570
18575
18575
18612
18628
18630
18638
18647
18661
18670
18690
18699
18710
18720
18720
18770
18778
18785
18785
18812
18822
18823
18864
18883
18883
18885
18951
18953
18999
19012
19028
19052
19062
19085
19098
19107
19112
19113
19126
19134
19162
19175
19181
19182
19186
19188
19193
19199
19202
19210
19223
19245
19253
19287
19288
19289
19294
19326
19345
19376
19384
19385
19395
19395
19403
19452
19452
19455
19478
19512
19512
19549
19558
19561
19569
19594
19599
19605
19607
19609
19631
19642
19653
19660
19668
19670
19685
19693
19713
19742
19765
19784
19787
19818
19832
19853
19858
19864
19868
19877
19880
19886
19892
19908
19913
19918
19955
19959
19963
19970
19973
19983
19988
20000
20007
20012
20020
20114
20117
20132
20150
20163
20174
20182
20205
20251
20266
20293
20315
20326
20326
20331
20334
20350
20363
20371
20402
20418
20429
20465
20486
20497
20503
20509
20521
20534
20556
20558
20570
20579
20581
20584
20592
20594
20601
20619
20634
20654
20662
20663
20677
20681
20683
20700
20701
20713
20713
20779
20789
20791
20808
20820
20822
20825
20831
20835
20840
20859
20893
20909
20917
20980
20982
20990
21010
21020
21027
21071
21075
21079
21094
21118
21141
21162
21172
21186
21213
21238
21249
21250
21276
21290
21291
21296
21296
21321
21328
21344
21357
21377
21387
21409
21423
21424
21434
21469
21481
21482
21487
21492
21496
21506
21516
21521
21530
21531
21567
21569
21579
21580
21582
21628
21633
21658
21682
21691
21699
21705
21718
21727
21730
21735
21754
21765
21771
21777
21805
21815
21838
21881
21884
21905
21915
21917
21928
21935
21937
21955
21978
21994
22000
22005
22007
22014
22034
22040
22041
22093
22100
22100
22111
22125
22130
22130
22168
22186
22195
22199
22209
22211
22215
22225
22233
22236
22252
22254
22271
22272
22272
22331
22356
22360
22360
22361
22379
22391
22416
22439
22445
22455
22462
22464
22475
22476
22483
22486
22488
22497
22515
22521
22530
22530
22551
22557
22560
22579
22581
22582
22585
22593
22595
22634
22636
22641
22655
22667
22683
22688
22714
22717
22731
22745
22768
22787
22794
22812
22818
22865
22873
22885
22900
22901
22910
22914
22964
22982
22985
22988
22994
22995
23014
23021
23063
23075
23089
23113
23141
23160
23169
23172
23173
23195
23204
23206
23240
23242
23261
23274
23276
23277
23290
23291
23308
23315
23334
23339
23356
23370
23379
23426
23436
23462
23477
23481
23507
23522
23526
23532
23538
23565
23567
23579
23592
23592
23617
23646
23659
23661
23661
23694
23710
23716
23717
23751
23756
23785
23801
23830
23845
23853
23855
23882
23894
23917
23919
23940
23946
23950
23960
23964
23969
23977
23999
24010
24026
24028
24030
24032
24048
24049
24059
24079
24088
24092
24098
24101
24105
24108
24110
24114
24123
24135
24139
24141
24148
24151
24162
24165
24168
24180
24186
24207
24215
24225
24227
24244
24259
24271
24279
24282
24292
24304
24319
24370
24376
24377
24406
24419
24421
24449
24462
24469
24470
24490
24515
24541
24560
24566
24570
24608
24608
24700
24702
24706
24728
24734
24744
24753
24755
24779
24781
24783
24784
24803
24803
24814
24840
24884
24898
24935
24935
24940
24965
24966
24970
24971
24986
24992
24992
25006
25014
25036
25056
25067
25080
25085
25089
25107
25123
25147
25155
25158
25165
25177
25187
25194
25200
25211
25218
25219
25244
25262
25275
25279
25279
25295
25298
25306
25355
25362
25365
25385
25401
25428
25430
25433
25433
25465
25475
25485
25492
25506
25544
25549
25566
25586
25588
25593
25597
25606
25610
25621
25631
25645
25653
25655
25666
25686
25690
25711
25726
25758
25798
25806
25812
25816
25825
25837
25837
25838
25852
25888
25891
25906
25909
25936
25945
25946
25954
25984
26008
26045
26051
26054
26060
26062
26079
26102
26103
26112
26124
26132
26143
26148
26149
26171
26183
26184
26190
26199
26226
26228
26254
26255
26283
26307
26310
26312
26319
26321
26328
26354
26356
26373
26373
26403
26404
26406
26407
26439
26474
26478
26521
26533
26561
26620
26632
26653
26662
26677
26711
26768
26779
26791
26805
26808
26824
26825
26828
26840
26856
26862
26873
26879
26882
26886
26888
26889
26893
26896
26908
26923
26941
26947
26952
26980
26999
27001
27028
27040
27045
27059
27087
27138
27139
27158
27186
27197
27213
27250
27252
27253
27268
27273
27273
27278
27297
27307
27339
27351
27383
27404
27420
27467
27482
27483
27491
27496
27505
27505
27510
27519
27525
27525
27531
27563
27576
27580
27584
27602
27621
27648
27658
27659
27697
27723
27728
27749
27755
27764
27764
27771
27779
27783
27803
27804
27810
27814
27822
27832
27833
27870
27896
27914
27931
27941
27943
27948
27956
27957
27962
27972
27979
27991
27995
28001
28010
28014
28017
28034
28068
28070
28078
28081
28105
28142
28144
28147
28190
28201
28237
28242
28253
28276
28278
28289
28291
28293
28306
28322
28335
28363
28395
28418
28422
28427
28438
28443
28478
28480
28494
28498
28501
28507
28519
28523
28523
28529
28545
28553
28567
28587
28624
28625
28632
28633
28644
28669
28679
28681
28696
28714
28719
28723
28746
28778
28799
28863
28872
28875
28876
28885
28891
28901
28905
28912
28912
28918
28925
28929
28938
28942
28950
28955
28994
28995
29032
29055
29087
29090
29097
29099
29103
29129
29149
29159
29172
29207
29217
29219
29227
29230
29256
29271
29331
29332
29337
29373
29408
29408
29418
29425
29427
29428
29429
29441
29463
29484
29484
29496
29496
29497
29512
29519
29521
29528
29549
29554
29589
29589
29593
29603
29605
29643
29648
29671
29684
29685
29696
29717
29718
29736
29742
29776
29792
29797
29821
29825
29836
29872
29878
29882
29896
29898
29904
29935
29936
29969
29984
29987
29999
30009
30011
30011
30028
30036
30056
30081
30093
30095
30099
30116
30121
30126
30135
30137
30149
30198
30221
30234
30257
30282
30284
30332
30350
30359
30386
30394
30400
30402
30408
30412
30421
30426
30441
30453
30468
30492
30510
30519
30525
30534
30568
30610
30622
30652
30718
30733
30737
30740
30752
30755
30756
30811
30824
30841
30842
30848
30849
30852
30855
30857
30886
30887
30893
30894
30899
30922
30959
30997
31006
31025
31031
31034
31042
31043
31048
31055
31094
31106
31114
31118
31123
31128
31131
31146
31153
31159
31181
31183
31184
31186
31187
31194
31211
31255
31257
31297
31336
31346
31350
31357
31359
31362
31366
31370
31417
31426
31431
31468
31488
31506
31514
31516
31520
31521
31535
31537
31539
31557
31581
31591
31592
31604
31619
31629
31636
31637
31639
31642
31674
31676
31678
31708
31730
31784
31787
31791
31810
31812
31826
31831
31847
31852
31860
31866
31872
31877
31906
31915
31921
31948
31949
31966
31967
31971
31980
31988
31995
31997
32025
32029
32032
32035
32037
32037
32042
32047
32083
32102
32107
32110
32115
32131
32144
32162
32180
32189
32253
32257
32276
32287
32287
32337
32339
32357
32360
32360
32375
32391
32417
32433
32433
32441
32441
32466
32473
32485
32493
32516
32523
32524
32552
32587
32589
32610
32611
32620
32620
32647
32703
32712
32751

