7
8
9
14
63
65
81
94
97
98
98
102
114
128
134
145
154
156
156
164
171
203
204
207
211
227
234
236
242
257
266
273
277
291
331
337
340
351
351
353
360
361
365
366
368
446
451
488
493
542
551
582
585
587
593
605
610
614
621
622
623
635
648
649
673
678
683
697
702
713
744
751
753
770
782
819
833
844
852
857
860
867
905
914
940
998
998
1006
1008
1045
1064
1075
1100
1115
1124
1138
1139
1180
1242
1245
1246
1267
1309
1315
1358
1363
1368
1372
1389
1393
1397
1409
1414
1429
1446
1453
1465
1485
1491
1499
1500
1507
1508
1513
1514
1519
1540
1542
1559
1559
1573
1581
1582
1594
1601
1606
1609
1623
1625
1625
1657
1662
1666
1667
1672
1683
1696
1702
1704
1706
1715
1734
1737
1738
1739
1757
1761
1776
1777
1779
1794
1799
1807
1822
1826
1837
1852
1856
1877
1882
1882
1889
1933
1971
2001
2003
2010
2021
2030
2039
2042
2082
2102
2112
2126
2130
2131
2155
2205
2215
2220
2237
2238
2238
2241
2245
2261
2277
2286
2289
2319
2337
2346
2350
2368
2371
2377
2383
2403
2425
2426
2455
2490
2498
2539
2557
2563
2573
2574
2582
2589
2604
2620
2631
2639
2659
2669
2683
2725
2737
2793
2804
2813
2844
2890
2892
2902
2911
2940
2940
2947
2959
2966
2995
2996
3006
3010
3018
3021
3066
3093
3093
3102
3109
3111
3112
3118
3136
3145
3153
3196
3206
3214
3270
3282
3283
3284
3289
3292
3294
3307
3309
3360
3369
3372
3387
3389
3392
3402
3403
3406
3462
3465
3466
3477
3480
3493
3500
3517
3533
3542
3543
3554
3579
3586
3587
3597
3604
3608
3650
3682
3694
3718
3732
3742
3747
3767
3773
3795
3798
3801
3806
3806
3816
3821
3823
3826
3843
3863
3866
3889
3894
3914
3932
3935
3944
3962
4005
4019
4054
4066
4085
4099
4099
4100
4103
4105
4106
4111
4138
4169
4170
4175
4175
4194
4204
4204
4221
4239
4251
4273
4281
4291
4341
4349
4370
4378
4381
4391
4406
4412
4437
4440
4460
4502
4511
4528
4542
4542
4545
4550
4556
4592
4603
4617
4619
4632
4635
4652
4658
4665
4668
4683
4698
4722
4750
4759
4807
4882
4885
4892
4906
4928
4954
4960
5000
5008
5011
5014
5017
5019
5057
5068
5079
5098
5133
5135
5158
5188
5191
5203
5225
5230
5236
5236
5241
5250
5253
5259
5291
5292
5296
5310
5327
5346
5347
5350
5358
5367
5371
5382
5393
5402
5406
5410
5414
5431
5470
5480
5484
5495
5496
5502
5519
5520
5523
5531
5543
5544
5545
5546
5547
5560
5563
5583
5584
5599
5634
5649
5650
5667
5671
5684
5701
5704
5727
5760
5771
5773
5784
5815
5818
5843
5851
5857
5858
5867
5874
5887
5899
5899
5906
5920
5921
5929
5938
5973
5975
5988
6003
6003
6006
6015
6046
6055
6064
6065
6069
6118
6145
6154
6164
6183
6210
6210
6212
6215
6244
6262
6275
6283
6291
6330
6336
6338
6354
6365
6375
6401
6405
6405
6407
6416
6417
6432
6432
6444
6445
6447
6450
6462
6472
6482
6515
6529
6541
6541
6551
6566
6566
6569
6589
6598
6632
6635
6645
6657
6663
6668
6676
6676
6692
6731
6739
6759
6782
6793
6809
6814
6816
6844
6848
6850
6868
6871
6900
6923
6937
6951
6957
6960
6962
6971
6976
6995
7000
7006
7043
7049
7064
7065
7066
7078
7122
7127
7139
7149
7152
7158
7180
7183
7188
7210
7241
7257
7259
7269
7277
7288
7291
7298
7307
7318
7349
7383
7400
7402
7412
7413
7416
7423
7430
7438
7440
7460
7486
7493
7521
7525
7542
7557
7560
7566
7570
7575
7590
7602
7618
7635
7644
7676
7706
7732
7744
7767
7791
7800
7821
7822
7823
7843
7890
7910
7914
7918
7925
7938
7948
7949
7952
7959
7970
7978
7984
7995
8047
8055
8065
8095
8102
8115
8128
8137
8146
8148
8174
8203
8205
8209
8253
8261
8276
8279
8294
8296
8304
8307
8342
8354
8363
8369
8375
8383
8385
8404
8434
8481
8490
8504
8565
8582
8597
8597
8606
8616
8618
8651
8652
8654
8666
8696
8697
8704
8711
8735
8762
8775
8780
8791
8819
8828
8850
8869
8892
8896
8932
8932
8938
8939
8953
8964
8976
8976
9005
9009
9035
9038
9040
9046
9084
9087
9096
9096
9142
9164
9213
9239
9253
9267
9291
9293
9301
9326
9359
9361
9389
9410
9410
9413
9418
9459
9462
9463
9487
9526
9530
9543
9548
9565
9623
9629
9647
9655
9659
9662
9662
9663
9667
9675
9701
9701
9702
9703
9709
9713
9723
9727
9740
9740
9750
9753
9767
9773
9777
9779
9806
9807
9809
9820
9821
9835
9837
9846
9848
9850
9855
9856
9866
9874
9877
9884
9918
9929
9947
9947
9949
9964
9987
10010
10017
10033
10044
10051
10052
10059
10070
10104
10110
10143
10147
10147
10151
10155
10163
10168
10172
10195
10200
10228
10243
10289
10325
10325
10341
10341
10352
10361
10363
10363
10396
10403
10443
10454
10465
10476
10476
10476
10484
10495
10499
10521
10526
10530
10536
10542
10550
10585
10591
10591
10608
10614
10631
10653
10658
10690
10694
10748
10787
10806
10827
10859
10863
10870
10877
10880
10902
10911
10921
10939
10941
10973
10974
10987
10992
11000
11051
11072
11081
11095
11116
11138
11145
11163
11170
11174
11175
11204
11210
11228
11238
11262
11273
11275
11290
11292
11309
11310
11321
11322
11351
11354
11359
11377
11390
11463
11471
11474
11481
11485
11486
11498
11521
11528
11531
11536
11541
11543
11565
11569
11585
11613
11669
11669
11690
11700
11723
11740
11748
11774
11784
11803
11805
11816
11832
11844
11857
11858
11912
11918
11930
11935
11945
11978
11989
12006
12021
12030
12036
12036
12042
12044
12047
12065
12069
12085
12096
12122
12130
12144
12147
12165
12173
12192
12238
12267
12301
12303
12316
12330
12335
12343
12364
12373
12387
12390
12398
12424
12425
12452
12464
12492
12493
12499
12510
12515
12522
12535
12548
12560
12570
12574
12576
12586
12625
12629
12631
12643
12649
12653
12655
12655
12663
12671
12684
12687
12734
12739
12754
12761
12770
12782
12782
12792
12806
12817
12828
12871
12880
12903
12936
12943
12952
12987
13014
13027
13049
13054
13066
13097
13107
13113
13114
13115
13116
13118
13130
13130
13143
13168
13176
13178
13192
13193
13212
13230
13254
13285
13296
13304
13316
13322
13341
13349
13351
13359
13359
13362
13367
13371
13394
13438
13438
13451
13473
13508
13520
13521
13528
13533
13586
13592
13601
13613
13617
13632
13639
13656
13660
13695
13704
13713
13740
13748
13764
13766
13767
13778
13793
13828
13837
13839
13844
13872
13882
13914
13940
13951
13952
13957
13971
13979
13979
14010
14010
14030
14037
14076
14092
14096
14111
14111
14117
14120
14122
14125
14128
14140
14144
14146
14160
14171
14196
14212
14217
14227
14230
14239
14255
14265
14280
14325
14333
14335
14353
14355
14369
14372
14372
14410
14428
14444
14447
14486
14493
14501
14519
14559
14579
14583
14598
14608
14608
14636
14638
14647
14657
14662
14670
14677
14711
14711
14722
14766
14776
14781
14784
14787
14791
14793
14810
14817
14828
14833
14842
14843
14856
14863
14865
14867
14877
14884
14892
14896
14900
14904
14910
14939
14949
14976
14997
15001
15001
15004
15006
15013
15059
15060
15075
15083
15098
15102
15124
15166
15176
15192
15207
15217
15229
15268
15268
15281
15313
15325
15327
15343
15347
15351
15353
15366
15367
15369
15381
15385
15387
15393
15406
15408
15411
15457
15473
15482
15490
15528
15546
15548
15569
15575
15580
15592
15599
15610
15659
15660
15664
15678
15686
15692
15712
15738
15767
15774
15786
15802
15810
15818
15821
15831
15913
15947
15958
15959
15962
15976
16004
16009
16013
16057
16073
16080
16107
16120
16125
16135
16155
16158
16161
16166
16219
16224
16225
16239
16272
16274
16286
16296
16308
16313
16334
16354
16356
16362
16367
16424
16427
16438
16438
16440
16441
16463
16468
16483
16504
16525
16545
16560
16561
16626
16634
16638
16650
16655
16659
16684
16691
16695
16702
16703
16704
16725
16744
16753
16762
16767
16770
16804
16805
16817
16820
16853
16869
16870
16872
16884
16892
16922
16952
16958
16963
16966
16974
16987
16994
17009
17011
17011
17051
17062
17079
17115
17123
17127
17149
17150
17159
17182
17203
17212
17238
17245
17254
17272
17285
17287
17293
17294
17343
17366
17376
17377
17428
17428
17429
17431
17432
17434
17458
17482
17498
17498
17515
17518
17520
17522
17529
17534
17544
17546
17547
17554
17562
17574
17586
17596
17602
17607
17612
17647
17659
17664
17665
17698
17706
17713
17716
17741
17747
17770
17784
17785
17788
17799
17805
17817
17826
17831
17858
17867
17871
17947
17975
17979
17989
17993
18032
18033
18044
18072
18082
18115
18142
18150
18152
18168
18170
18171
18179
18186
18190
18190
18197
18204
18209
18215
18227
18230
18233
18246
18254
18281
18303
18317
18334
18367
18372
18375
18381
18390
18399
18403
18425
18425
18430
18431
18444
18459
18485
18488
18492
18529
18536
18548
18598
18602
18610
18634
18663
18689
18701
18716
18720
18721
18726
18772
18798
18812
18816
18857
18896
18916
18965
18969
18970
18982
18994
18997
19031
19062
19081
19098
19099
19106
19137
19150
19153
19154
19192
19195
19207
19242
19307
19313
19344
19349
19397
19410
19453
19457
19460
19466
19468
19498
19510
19510
19541
19584
19589
19589
19592
19596
19598
19598
19618
19619
19657
19670
19675
19702
19704
19716
19725
19726
19750
19759
19778
19781
19794
19796
19805
19810
19832
19844
19855
19856
19898
19914
19936
19937
19952
19953
19957
19971
19983
19984
19989
19995
20036
20049
20060
20067
20071
20075
20084
20087
20106
20106
20128
20139
20166
20174
20177
20186
20187
20221
20229
20234
20242
20248
20257
20260
20266
20280
20282
20283
20283
20290
20295
20301
20314
20340
20368
20387
20423
20468
20469
20497
20508
20541
20589
20591
20607
20623
20624
20644
20659
20662
20691
20692
20695
20703
20704
20721
20722
20732
20733
20771
20799
20802
20809
20812
20831
20851
20854
20862
20874
20874
20915
20928
20949
20950
20968
20988
21005
21006
21017
21026
21050
21053
21089
21092
21109
21111
21113
21123
21127
21138
21149
21151
21157
21204
21231
21241
21248
21254
21265
21269
21272
21298
21313
21327
21333
21335
21350
21385
21399
21405
21414
21420
21430
21439
21486
21490
21493
21507
21507
21508
21558
21559
21602
21609
21611
21620
21631
21680
21694
21709
21722
21726
21733
21742
21758
21768
21776
21787
21800
21826
21841
21850
21870
21887
21952
21954
21961
21982
21995
22000
22005
22010
22013
22015
22016
22029
22030
22043
22061
22062
22094
22107
22108
22112
22126
22138
22168
22184
22185
22218
22244
22247
22282
22285
22287
22306
22315
22330
22332
22374
22382
22385
22418
22423
22442
22446
22446
22447
22464
22472
22474
22521
22524
22534
22537
22539
22544
22547
22555
22558
22603
22605
22626
22649
22662
22712
22728
22745
22750
22757
22776
22793
22801
22807
22832
22833
22834
22840
22855
22877
22887
22889
22912
22918
22930
22937
22949
22966
22970
22998
22999
23001
23031
23033
23084
23121
23125
23129
23175
23180
23203
23205
23229
23241
23252
23275
23303
23324
23338
23380
23381
23415
23431
23461
23461
23465
23498
23517
23528
23534
23534
23539
23550
23551
23579
23584
23644
23651
23652
23664
23668
23684
23695
23707
23709
23739
23765
23766
23776
23811
23818
23831
23833
23833
23835
23859
23860
23875
23885
23911
23919
23920
23934
23940
23958
23963
23974
23975
23983
24037
24042
24051
24060
24079
24082
24141
24143
24149
24153
24180
24181
24182
24187
24192
24199
24215
24218
24229
24242
24246
24266
24282
24331
24334
24343
24348
24350
24352
24353
24380
24382
24385
24391
24394
24407
24430
24433
24434
24446
24472
24474
24541
24547
24565
24569
24572
24581
24636
24641
24667
24688
24708
24708
24728
24752
24765
24784
24785
24786
24789
24802
24833
24843
24866
24870
24875
24890
24898
24910
24912
24926
24942
24947
24951
25020
25025
25027
25087
25089
25092
25112
25114
25167
25174
25177
25184
25197
25214
25218
25227
25241
25265
25267
25272
25278
25295
25305
25315
25318
25322
25325
25384
25386
25387
25391
25392
25403
25404
25434
25471
25557
25560
25581
25583
25584
25623
25665
25687
25700
25704
25722
25733
25747
25754
25762
25769
25789
25851
25860
25868
25873
25875
25891
25901
25928
25957
25964
25970
26016
26024
26052
26085
26106
26111
26120
26121
26131
26141
26154
26156
26156
26164
26174
26175
26180
26181
26201
26208
26212
26216
26271
26277
26283
26290
26291
26304
26314
26325
26344
26352
26362
26362
26367
26379
26384
26398
26408
26429
26442
26442
26451
26454
26457
26475
26478
26487
26491
26506
26507
26550
26565
26565
26581
26582
26596
26610
26630
26640
26655
26656
26663
26671
26672
26673
26710
26720
26723
26723
26725
26737
26743
26756
26761
26771
26782
26802
26812
26824
26825
26831
26870
26883
26908
26917
26917
26920
26927
26927
26964
26971
26972
26990
27003
27009
27022
27023
27030
27039
27045
27056
27062
27063
27099
27111
27139
27149
27169
27179
27184
27188
27200
27206
27253
27259
27265
27269
27274
27289
27297
27324
27340
27341
27344
27346
27372
27402
27422
27425
27438
27447
27457
27457
27507
27527
27539
27565
27583
27585
27605
27618
27623
27637
27683
27690
27716
27718
27736
27757
27759
27768
27773
27791
27826
27842
27871
27876
27886
27887
27889
27895
27895
27897
27910
27922
27927
27930
27933
27966
27978
28010
28015
28027
28040
28041
28048
28059
28061
28064
28079
28081
28084
28097
28107
28124
28140
28149
28197
28203
28203
28205
28217
28240
28261
28273
28320
28355
28357
28358
28363
28367
28368
28405
28408
28415
28445
28452
28462
28465
28468
28470
28485
28503
28511
28533
28556
28559
28578
28580
28584
28600
28676
28677
28700
28711
28713
28721
28736
28741
28741
28752
28754
28775
28830
28833
28873
28875
28887
28900
28904
28919
28919
28920
28929
28952
28973
28975
28995
28996
29002
29008
29018
29020
29022
29067
29074
29076
29085
29089
29118
29146
29161
29177
29204
29217
29236
29252
29252
29254
29265
29307
29312
29326
29327
29333
29353
29371
29380
29384
29384
29405
29410
29412
29413
29429
29437
29440
29440
29449
29479
29480
29489
29513
29515
29522
29536
29595
29627
29629
29670
29678
29685
29705
29707
29709
29711
29724
29731
29733
29739
29740
29742
29753
29763
29821
29832
29836
29837
29844
29850
29860
29869
29875
29893
29912
29921
29927
29934
29965
29972
29980
29996
30066
30068
30078
30079
30080
30083
30088
30111
30133
30139
30142
30164
30173
30183
30203
30209
30218
30222
30232
30243
30291
30327
30328
30341
30366
30378
30393
30397
30397
30399
30415
30416
30454
30454
30456
30464
30475
30476
30478
30492
30522
30537
30550
30573
30574
30626
30628
30652
30661
30675
30682
30735
30745
30746
30763
30763
30769
30795
30797
30804
30806
30821
30839
30840
30863
30868
30875
30879
30879
30916
30927
30937
30944
30958
30972
30983
30988
30993
30994
31005
31018
31037
31041
31046
31051
31066
31069
31074
31079
31123
31132
31151
31170
31178
31180
31217
31235
31248
31256
31271
31273
31284
31290
31296
31297
31310
31322
31367
31367
31374
31383
31389
31405
31430
31439
31473
31480
31498
31514
31519
31532
31547
31551
31551
31589
31589
31598
31630
31641
31642
31663
31678
31681
31683
31699
31705
31720
31722
31729
31733
31735
31743
31745
31767
31806
31813
31825
31851
31857
31860
31867
31869
31875
31883
31909
31910
31952
31954
31971
31979
32016
32037
32043
32066
32069
32069
32072
32093
32107
32121
32148
32154
32194
32204
32230
32281
32306
32318
32339
32359
32362
32370
32377
32389
32394
32481
32482
32496
32496
32513
32516
32532
32532
32536
32538
32552
32571
32572
32590
32609
32611
32615
32619
32625
32648
32685
32688
32705
32712
32726
32742
32750
32755
32765

