6
15
17
23
27
33
46
55
68
78
88
99
108
112
126
133
133
135
146
147
151
153
166
170
174
179
195
200
209
223
224
264
269
280
312
356
359
360
374
382
389
398
427
436
438
454
465
467
476
483
488
508
512
526
563
602
608
611
625
650
687
706
717
742
744
752
753
755
761
771
774
775
777
787
792
799
819
825
840
863
873
887
893
900
902
911
926
938
948
951
956
970
983
984
1013
1018
1029
1042
1054
1096
1118
1119
1144
1150
1168
1169
1174
1190
1194
1195
1196
1219
1222
1278
1283
1288
1312
1314
1316
1343
1352
1363
1368
1370
1391
1398
1418
1435
1439
1449
1466
1471
1490
1502
1506
1506
1518
1529
1553
1553
1557
1579
1599
1601
1606
1612
1629
1639
1664
1669
1679
1699
1704
1728
1745
1752
1775
1870
1895
1898
1902
1928
1943
1947
1964
1977
2011
2019
2024
2030
2034
2038
2042
2049
2066
2068
2081
2081
2087
2088
2128
2133
2144
2144
2151
2155
2176
2176
2186
2196
2221
2226
2233
2244
2277
2292
2304
2313
2314
2315
2323
2326
2384
2395
2408
2416
2417
2419
2425
2425
2457
2481
2483
2492
2496
2509
2510
2518
2555
2565
2594
2605
2619
2622
2631
2661
2666
2670
2676
2680
2696
2703
2709
2734
2767
2769
2806
2817
2819
2843
2851
2889
2902
2913
2920
2922
2924
2934
2946
2963
2987
2990
3010
3024
3036
3047
3047
3068
3076
3076
3094
3113
3119
3133
3142
3145
3158
3192
3205
3234
3246
3265
3289
3320
3327
3330
3340
3349
3364
3381
3398
3403
3405
3413
3421
3454
3456
3463
3466
3505
3524
3565
3576
3599
3605
3616
3618
3632
3633
3633
3634
3637
3650
3658
3660
3661
3667
3670
3671
3688
3725
3729
3730
3743
3780
3798
3801
3802
3805
3807
3838
3845
3847
3874
3877
3877
3881
3910
3927
3929
3962
3978
3983
3989
4002
4015
4015
4018
4024
4037
4040
4044
4047
4047
4056
4073
4091
4092
4094
4097
4098
4108
4113
4142
4166
4190
4221
4247
4273
4283
4285
4309
4310
4316
4324
4368
4394
4394
4413
4428
4433
4442
4473
4477
4507
4512
4517
4523
4528
4530
4557
4587
4614
4615
4621
4624
4632
4637
4644
4646
4665
4667
4669
4693
4694
4701
4761
4777
4777
4810
4817
4827
4829
4832
4835
4845
4850
4867
4879
4881
4889
4895
4907
4911
4928
4939
4939
4961
5025
5026
5026
5044
5052
5062
5074
5095
5097
5105
5108
5139
5167
5171
5182
5190
5219
5242
5249
5254
5257
5264
5265
5277
5303
5325
5335
5353
5359
5360
5387
5392
5404
5426
5437
5449
5452
5463
5472
5499
5504
5514
5535
5561
5590
5608
5627
5637
5670
5673
5716
5718
5736
5754
5767
5770
5781
5787
5790
5792
5800
5808
5811
5819
5820
5828
5838
5840
5878
5908
5964
5966
5977
5978
5979
5994
6017
6030
6054
6056
6079
6082
6103
6111
6122
6144
6145
6154
6180
6186
6188
6205
6222
6222
6234
6235
6259
6284
6301
6326
6327
6332
6378
6384
6412
6451
6464
6497
6510
6536
6546
6554
6558
6572
6596
6607
6618
6626
6634
6655
6661
6673
6708
6714
6724
6727
6732
6735
6758
6759
6760
6781
6821
6831
6843
6858
6867
6872
6875
6879
6900
6904
6913
6921
6925
6950
6958
6963
6972
6988
6994
6994
6999
7009
7011
7013
7014
7020
7024
7028
7037
7061
7083
7095
7100
7114
7130
7131
7154
7163
7166
7204
7211
7212
7221
7222
7233
7241
7243
7247
7254
7295
7298
7304
7315
7330
7370
7382
7393
7403
7420
7424
7443
7447
7471
7508
7508
7536
7542
7549
7575
7627
7630
7663
7667
7668
7684
7712
7712
7743
7757
7761
7761
7768
7790
7799
7824
7837
7839
7840
7845
7872
7873
7875
7914
7917
7943
7947
7964
7990
7990
7990
8005
8013
8028
8034
8047
8052
8107
8111
8117
8121
8156
8160
8185
8187
8200
8220
8224
8226
8231
8247
8248
8268
8276
8306
8316
8322
8336
8336
8357
8367
8369
8384
8419
8444
8450
8462
8468
8474
8483
8491
8515
8551
8563
8566
8592
8597
8620
8627
8633
8634
8666
8684
8690
8707
8719
8719
8729
8746
8748
8752
8762
8777
8784
8791
8806
8824
8834
8853
8882
8884
8898
8917
8924
8935
8941
8949
9012
9020
9029
9030
9040
9043
9072
9092
9097
9100
9109
9127
9128
9140
9185
9188
9193
9211
9217
9218
9220
9222
9224
9226
9226
9238
9243
9247
9253
9261
9264
9264
9273
9290
9293
9296
9309
9309
9323
9369
9370
9375
9384
9399
9400
9412
9435
9439
9444
9445
9456
9461
9463
9514
9524
9533
9539
9552
9584
9593
9610
9619
9626
9629
9629
9631
9635
9646
9653
9707
9712
9723
9756
9767
9770
9778
9789
9791
9815
9839
9861
9875
9888
9899
9916
9972
9995
10005
10010
10036
10039
10077
10079
10084
10084
10118
10128
10137
10137
10161
10164
10212
10265
10275
10298
10324
10331
10352
10373
10379
10427
10430
10432
10451
10465
10467
10469
10470
10472
10474
10501
10505
10514
10518
10519
10543
10573
10579
10580
10602
10608
10673
10685
10734
10746
10750
10763
10764
10778
10779
10794
10801
10816
10825
10848
10869
10879
10928
10934
10944
10952
10963
10969
10977
10980
10988
11008
11034
11054
11065
11071
11114
11116
11127
11127
11132
11133
11136
11143
11146
11168
11176
11191
11204
11249
11314
11314
11327
11352
11374
11390
11423
11431
11440
11463
11473
11487
11496
11500
11510
11512
11520
11547
11547
11548
11550
11576
11583
11608
11641
11665
11665
11687
11694
11722
11739
11743
11751
11753
11761
11761
11764
11781
11819
11863
11875
11888
11891
11896
11916
11931
11934
11961
11970
12009
12041
12064
12067
12085
12088
12092
12097
12114
12127
12128
12140
12151
12152
12160
12188
12188
12191
12200
12203
12205
12235
12250
12264
12300
12302
12321
12324
12346
12387
12390
12406
12407
12426
12445
12459
12465
12468
12497
12514
12537
12547
12553
12583
12589
12599
12658
12661
12662
12667
12680
12690
12702
12746
12774
12775
12783
12790
12809
12813
12851
12865
12868
12905
12914
12921
12979
13005
13010
13038
13049
13058
13104
13104
13110
13131
13149
13155
13204
13218
13220
13232
13258
13259
13269
13278
13306
13329
13339
13345
13397
13420
13430
13432
13468
13470
13503
13505
13525
13528
13539
13539
13551
13554
13555
13555
13557
13558
13570
13592
13597
13598
13603
13608
13638
13639
13672
13673
13687
13691
13720
13721
13723
13741
13762
13773
13777
13782
13804
13818
13847
13856
13860
13875
13898
13912
13933
13949
13963
13970
13979
13988
14007
14009
14023
14028
14054
14062
14066
14079
14102
14103
14131
14133
14137
14155
14158
14185
14187
14188
14205
14206
14207
14229
14255
14268
14269
14272
14279
14282
14304
14334
14338
14365
14366
14386
14390
14416
14418
14430
14433
14457
14460
14465
14474
14478
14479
14510
14531
14548
14573
14584
14584
14625
14629
14631
14640
14666
14669
14679
14684
14713
14718
14737
14753
14763
14781
14802
14816
14856
14862
14870
14875
14879
14886
14887
14890
14906
14932
14939
14965
14988
14989
14991
14991
14993
14993
15004
15010
15010
15055
15057
15059
15065
15068
15074
15091
15097
15097
15102
15111
15112
15113
15120
15132
15139
15148
15156
15166
15196
15236
15255
15276
15287
15300
15309
15330
15345
15363
15384
15399
15421
15444
15492
15497
15504
15504
15555
15561
15570
15585
15598
15609
15625
15626
15641
15646
15649
15651
15672
15682
15695
15707
15710
15718
15719
15738
15739
15756
15765
15767
15768
15780
15784
15785
15803
15807
15819
15847
15852
15888
15889
15914
15955
15957
15985
15992
15997
16003
16030
16032
16033
16047
16070
16071
16109
16115
16121
16131
16143
16162
16164
16171
16172
16180
16183
16193
16201
16249
16250
16250
16251
16260
16283
16286
16306
16312
16316
16323
16330
16346
16349
16356
16383
16399
16401
16409
16410
16413
16435
16448
16456
16461
16480
16485
16490
16505
16522
16546
16558
16568
16569
16572
16602
16603
16603
16615
16616
16623
16632
16667
16669
16675
16722
16727
16740
16796
16799
16802
16811
16826
16859
16869
16869
16876
16879
16898
16908
16912
16922
16933
16947
16961
16964
16985
16995
17008
17019
17025
17039
17049
17059
17080
17082
17098
17099
17101
17107
17136
17146
17155
17163
17175
17202
17203
17223
17239
17245
17281
17281
17287
17288
17299
17299
17315
17351
17363
17372
17372
17392
17400
17428
17441
17482
17484
17486
17495
17497
17497
17507
17517
17517
17524
17535
17559
17563
17576
17582
17617
17645
17652
17658
17693
17702
17727
17737
17744
17751
17756
17767
17823
17838
17862
17871
17884
17897
17909
17914
17915
17926
17944
17992
17994
18002
18024
18029
18029
18032
18036
18059
18078
18081
18090
18093
18098
18103
18118
18126
18136
18140
18150
18153
18154
18156
18176
18183
18196
18199
18211
18254
18256
18261
18267
18272
18275
18295
18328
18346
18358
18369
18375
18377
18382
18395
18399
18445
18503
18510
18512
18524
18526
18527
18529
18537
18546
18548
18554
18583
18616
18617
18626
18629
18658
18697
18715
18716
18718
18718
18751
18784
18821
18822
18831
18831
18832
18862
18873
18891
18897
18907
18930
18955
18967
18976
18987
19005
19006
19008
19013
19013
19042
19053
19076
19116
19117
19118
19126
19141
19157
19161
19161
19175
19210
19215
19225
19257
19260
19265
19291
19321
19325
19351
19377
19377
19392
19448
19451
19458
19461
19528
19528
19533
19533
19570
19605
19609
19630
19656
19677
19695
19725
19766
19791
19823
19826
19831
19831
19834
19839
19852
19874
19880
19894
19913
19914
19922
19926
19929
19932
19965
20003
20009
20025
20060
20065
20084
20089
20100
20100
20112
20125
20148
20155
20191
20196
20212
20213
20223
20242
20269
20280
20286
20355
20359
20379
20379
20406
20414
20419
20452
20458
20463
20463
20497
20508
20553
20554
20558
20563
20569
20572
20594
20605
20607
20620
20621
20625
20654
20659
20666
20670
20676
20688
20696
20712
20731
20743
20756
20800
20808
20810
20828
20829
20839
20848
20875
20888
20890
20891
20901
20917
20932
20934
20942
20965
20974
21004
21036
21079
21106
21121
21131
21148
21154
21166
21187
21201
21219
21301
21308
21323
21329
21338
21363
21419
21421
21426
21440
21466
21471
21493
21498
21539
21556
21578
21590
21609
21613
21617
21651
21655
21664
21691
21699
21704
21711
21713
21775
21800
21822
21843
21855
21862
21870
21873
21894
21902
21956
21972
22001
22014
22048
22094
22111
22114
22124
22134
22146
22176
22179
22183
22185
22187
22189
22215
22240
22245
22248
22263
22263
22286
22305
22314
22323
22339
22363
22365
22389
22407
22443
22452
22477
22493
22496
22500
22513
22534
22543
22563
22595
22595
22601
22622
22638
22648
22652
22658
22669
22683
22706
22718
22724
22763
22766
22773
22791
22849
22859
22874
22877
22880
22883
22888
22900
22904
22904
22925
22928
22932
22983
23006
23029
23047
23064
23069
23071
23074
23084
23087
23089
23098
23104
23113
23131
23132
23140
23144
23146
23151
23163
23170
23172
23179
23189
23208
23209
23225
23238
23254
23268
23288
23305
23336
23339
23359
23372
23378
23380
23387
23395
23400
23405
23412
23414
23418
23427
23450
23452
23464
23467
23468
23485
23508
23535
23563
23589
23601
23604
23615
23622
23624
23634
23646
23664
23687
23709
23715
23739
23744
23748
23769
23769
23778
23780
23782
23801
23805
23821
23826
23828
23833
23848
23853
23859
23876
23879
23893
23895
23902
23921
23965
23977
23984
23992
23995
23997
24007
24032
24040
24059
24077
24090
24093
24108
24108
24117
24118
24127
24139
24164
24166
24213
24223
24237
24250
24267
24276
24291
24302
24304
24310
24315
24323
24368
24370
24386
24398
24403
24423
24429
24453
24456
24464
24468
24471
24486
24488
24497
24500
24516
24520
24529
24530
24537
24537
24554
24578
24593
24604
24613
24618
24621
24624
24629
24634
24652
24674
24679
24690
24692
24699
24709
24729
24733
24746
24752
24801
24819
24829
24842
24848
24851
24864
24866
24900
24900
24940
24953
24998
25003
25007
25038
25042
25044
25051
25056
25057
25062
25064
25064
25068
25072
25103
25116
25133
25155
25158
25169
25224
25232
25247
25249
25250
25274
25281
25283
25284
25298
25300
25311
25339
25350
25361
25373
25382
25397
25405
25417
25436
25454
25467
25494
25505
25523
25528
25572
25580
25593
25595
25607
25613
25614
25633
25636
25639
25649
25651
25676
25692
25749
25770
25775
25814
25814
25837
25854
25895
25898
25906
25907
25907
25925
25943
25954
25957
25998
26016
26030
26032
26035
26041
26068
26078
26088
26123
26126
26137
26139
26142
26166
26184
26188
26212
26213
26232
26239
26248
26253
26262
26263
26290
26294
26316
26330
26338
26357
26361
26369
26389
26400
26401
26408
26429
26439
26453
26464
26468
26474
26492
26498
26509
26510
26529
26531
26547
26574
26577
26589
26595
26598
26618
26620
26636
26670
26677
26710
26770
26776
26791
26792
26793
26824
26869
26879
26891
26910
26932
26936
26951
26953
26968
26970
26996
26996
27005
27006
27007
27008
27041
27064
27084
27108
27172
27188
27195
27207
27209
27212
27251
27257
27264
27298
27310
27322
27335
27346
27365
27367
27372
27373
27388
27391
27402
27446
27457
27470
27478
27510
27516
27524
27549
27555
27562
27563
27571
27572
27584
27595
27599
27617
27624
27636
27639
27658
27668
27677
27682
27698
27700
27709
27738
27738
27746
27747
27794
27797
27797
27815
27828
27834
27856
27876
27898
27920
27929
27947
27960
27960
27963
27974
27990
27990
28012
28028
28055
28071
28083
28090
28101
28110
28113
28145
28152
28156
28162
28184
28196
28207
28225
28233
28245
28258
28266
28267
28268
28276
28291
28296
28339
28355
28364
28373
28391
28395
28413
28417
28422
28424
28428
28429
28442
28485
28494
28505
28507
28528
28531
28540
28561
28564
28590
28616
28638
28650
28653
28656
28666
28671
28671
28682
28686
28693
28700
28727
28762
28774
28779
28795
28796
28799
28809
28818
28818
28836
28855
28870
28879
28881
28887
28895
28896
28900
28905
28923
28927
28965
28969
28982
29006
29019
29040
29043
29047
29048
29054
29076
29080
29082
29097
29125
29129
29136
29156
29159
29182
29183
29196
29211
29219
29219
29228
29243
29253
29255
29265
29278
29281
29281
29290
29306
29313
29338
29345
29353
29355
29358
29368
29371
29399
29412
29418
29430
29436
29444
29445
29448
29449
29460
29465
29472
29475
29481
29498
29505
29510
29528
29546
29569
29579
29592
29609
29611
29616
29627
29643
29647
29664
29701
29712
29716
29725
29753
29754
29757
29820
29828
29847
29847
29848
29865
29885
29890
29930
29940
29948
29957
29958
29966
29976
29978
29982
30004
30018
30034
30049
30049
30063
30105
30122
30125
30135
30156
30172
30174
30177
30186
30212
30213
30227
30228
30236
30253
30260
30275
30289
30293
30315
30317
30319
30336
30339
30344
30357
30385
30394
30450
30463
30486
30494
30506
30520
30555
30590
30592
30611
30642
30657
30665
30670
30684
30692
30695
30702
30714
30732
30750
30780
30789
30808
30810
30825
30842
30893
30896
30910
30924
30931
30944
30966
30983
31003
31019
31023
31028
31054
31065
31087
31114
31135
31147
31162
31171
31195
31200
31227
31229
31245
31280
31313
31327
31330
31334
31360
31363
31424
31439
31441
31451
31470
31484
31495
31500
31521
31532
31533
31542
31552
31568
31585
31586
31587
31611
31618
31621
31651
31668
31684
31685
31722
31756
31759
31761
31811
31813
31816
31830
31832
31840
31856
31860
31883
31902
31903
31909
31943
31963
31974
31995
31998
32010
32017
32020
32036
32036
32070
32103
32113
32123
32126
32141
32145
32154
32178
32182
32188
32219
32244
32260
32265
32273
32292
32324
32341
32347
32355
32373
32378
32381
32382
32398
32406
32409
32414
32423
32423
32432
32467
32468
32494
32510
32511
32547
32559
32561
32561
32562
32567
32619
32621
32625
32631
32641
32647
32652
32663
32668
32704
32720
32741
32750

