37
53
58
64
68
72
109
115
121
122
123
134
141
153
155
167
172
181
186
231
255
269
283
300
325
340
361
381
384
386
396
397
398
414
461
469
476
522
540
549
596
605
616
622
633
634
649
663
680
680
694
716
726
727
737
744
747
779
825
849
854
873
878
898
904
916
923
931
931
932
934
950
957
978
993
996
1009
1012
1028
1036
1051
1053
1058
1060
1061
1119
1173
1174
1181
1194
1198
1222
1260
1261
1265
1288
1297
1300
1327
1333
1360
1361
1397
1398
1417
1417
1449
1449
1457
1469
1487
1508
1561
1567
1578
1580
1587
1588
1593
1600
1623
1647
1649
1660
1672
1693
1720
1722
1736
1741
1749
1757
1774
1780
1813
1836
1841
1862
1873
1883
1904
1918
1922
1924
1934
1943
1948
1949
1958
1974
1980
1994
2004
2008
2040
2051
2079
2111
2115
2141
2156
2162
2184
2184
2192
2195
2216
2225
2234
2258
2270
2275
2276
2287
2288
2300
2322
2362
2369
2400
2422
2423
2426
2432
2448
2482
2518
2527
2542
2557
2571
2584
2585
2585
2588
2607
2641
2734
2750
2756
2758
2775
2815
2820
2846
2850
2857
2878
2879
2889
2894
2905
2914
2915
2928
2930
2952
2988
2995
3000
3009
3025
3027
3036
3058
3062
3074
3083
3088
3090
3100
3116
3121
3121
3139
3152
3161
3165
3166
3180
3184
3242
3245
3248
3251
3266
3269
3271
3282
3283
3289
3313
3318
3326
3327
3330
3369
3391
3393
3409
3427
3435
3455
3456
3460
3482
3507
3517
3540
3566
3571
3587
3591
3615
3619
3619
3626
3668
3672
3672
3715
3718
3719
3728
3729
3748
3749
3752
3773
3829
3832
3843
3852
3917
3927
3931
3932
3933
3934
3939
3949
3950
3951
3953
3960
4001
4001
4019
4061
4065
4065
4067
4068
4076
4098
4100
4113
4140
4141
4142
4143
4151
4160
4161
4167
4187
4202
4208
4235
4237
4258
4260
4279
4290
4315
4337
4343
4344
4367
4387
4391
4395
4434
4439
4442
4481
4500
4540
4542
4551
4552
4583
4593
4602
4605
4618
4657
4680
4683
4699
4711
4721
4743
4783
4787
4799
4806
4814
4857
4899
4916
4961
4991
4998
5038
5091
5102
5130
5135
5146
5147
5148
5179
5219
5233
5308
5325
5329
5359
5364
5369
5377
5395
5397
5399
5410
5414
5455
5467
5469
5534
5549
5552
5557
5563
5573
5635
5637
5638
5641
5643
5667
5696
5699
5701
5701
5717
5718
5720
5731
5752
5758
5772
5772
5773
5795
5801
5807
5811
5824
5831
5842
5842
5854
5858
5875
5890
5905
5909
5934
5934
5941
5945
5961
5962
5976
5978
5997
6007
6010
6034
6037
6039
6050
6050
6057
6074
6092
6092
6097
6110
6114
6138
6141
6143
6147
6149
6172
6195
6209
6215
6216
6224
6228
6283
6299
6315
6322
6332
6338
6340
6358
6372
6374
6380
6393
6437
6450
6451
6463
6473
6476
6484
6486
6487
6506
6512
6513
6524
6536
6537
6542
6553
6581
6586
6594
6623
6623
6632
6633
6638
6650
6661
6666
6671
6680
6681
6703
6704
6726
6732
6745
6757
6764
6765
6802
6829
6861
6866
6871
6895
6916
6930
6947
6958
6969
6970
7009
7017
7066
7069
7100
7104
7110
7114
7124
7128
7133
7200
7203
7203
7232
7236
7243
7257
7262
7263
7294
7312
7335
7348
7349
7351
7354
7362
7368
7371
7391
7410
7415
7442
7449
7454
7458
7460
7498
7507
7563
7577
7604
7606
7620
7627
7628
7639
7650
7655
7658
7664
7666
7700
7713
7720
7734
7742
7785
7790
7793
7800
7821
7830
7843
7862
7886
7891
7907
7914
7916
7917
7922
7938
7955
7956
8000
8001
8012
8033
8056
8065
8071
8074
8082
8089
8106
8108
8112
8112
8116
8121
8165
8180
8187
8193
8201
8205
8207
8226
8234
8245
8252
8258
8271
8298
8324
8331
8365
8391
8394
8398
8404
8418
8425
8441
8489
8493
8527
8532
8555
8570
8595
8606
8609
8616
8622
8631
8659
8720
8721
8729
8735
8753
8769
8771
8774
8780
8782
8827
8837
8846
8858
8889
8901
8904
8923
8956
8969
8991
9041
9079
9085
9098
9108
9111
9116
9121
9131
9136
9141
9141
9157
9159
9177
9195
9211
9212
9213
9216
9262
9274
9280
9300
9305
9316
9321
9335
9337
9342
9362
9374
9374
9376
9384
9388
9388
9404
9419
9426
9443
9450
9474
9476
9482
9488
9491
9536
9543
9544
9554
9567
9591
9599
9603
9644
9648
9654
9666
9693
9701
9708
9714
9724
9735
9745
9746
9763
9782
9789
9789
9814
9836
9854
9855
9887
9907
9911
9933
9974
9976
9992
10003
10011
10019
10020
10022
10075
10087
10094
10098
10105
10130
10141
10165
10173
10181
10192
10248
10250
10254
10271
10275
10312
10338
10340
10369
10380
10385
10389
10390
10417
10420
10427
10456
10476
10486
10502
10515
10525
10525
10530
10558
10591
10593
10601
10628
10634
10651
10662
10671
10673
10689
10701
10736
10742
10771
10774
10776
10781
10817
10822
10828
10883
10892
10912
10919
10931
10933
10934
10936
10939
10956
10981
10997
11005
11019
11033
11039
11047
11056
11056
11062
11063
11088
11115
11122
11132
11141
11163
11170
11182
11190
11193
11203
11240
11241
11250
11267
11300
11321
11326
11338
11344
11345
11346
11356
11358
11365
11366
11370
11376
11401
11416
11429
11441
11493
11493
11506
11518
11534
11559
11574
11578
11646
11650
11659
11665
11668
11675
11687
11696
11711
11713
11722
11726
11749
11768
11792
11806
11830
11839
11840
11850
11899
11912
11913
11924
11937
11942
11947
11956
11969
11981
12000
12004
12014
12020
12030
12033
12038
12043
12052
12067
12081
12110
12113
12122
12136
12155
12187
12200
12212
12213
12220
12244
12267
12274
12275
12297
12298
12362
12370
12373
12394
12397
12400
12408
12418
12436
12459
12472
12484
12554
12574
12577
12580
12583
12596
12601
12624
12635
12678
12680
12682
12683
12690
12698
12717
12721
12737
12741
12763
12775
12783
12786
12829
12847
12866
12868
12881
12896
12898
12950
12962
12969
12969
12969
12984
13017
13039
13043
13050
13072
13077
13089
13109
13109
13118
13120
13155
13165
13166
13180
13211
13217
13232
13249
13288
13299
13302
13315
13316
13327
13335
13335
13356
13376
13379
13382
13382
13423
13440
13445
13479
13525
13528
13531
13543
13571
13586
13593
13595
13597
13639
13659
13667
13668
13691
13713
13719
13751
13757
13764
13794
13799
13803
13809
13815
13825
13828
13861
13865
13880
13885
13893
13904
13924
13925
13936
13937
13940
13966
13982
13988
14003
14007
14019
14027
14043
14057
14059
14080
14099
14132
14145
14150
14157
14158
14158
14166
14167
14170
14172
14211
14215
14231
14248
14249
14254
14297
14306
14350
14353
14359
14360
14384
14391
14421
14424
14456
14500
14513
14515
14518
14530
14531
14542
14558
14560
14565
14571
14576
14618
14641
14692
14721
14732
14742
14744
14749
14755
14762
14764
14771
14786
14798
14805
14808
14845
14850
14854
14867
14868
14876
14876
14888
14894
14909
14910
14921
14942
14949
14963
14975
14978
14993
15028
15036
15045
15046
15048
15050
15053
15064
15076
15105
15114
15116
15124
15132
15140
15166
15187
15196
15210
15219
15250
15256
15269
15269
15285
15307
15321
15324
15337
15340
15345
15398
15409
15427
15445
15446
15456
15461
15477
15512
15512
15530
15539
15549
15558
15581
15586
15594
15622
15632
15636
15638
15645
15662
15662
15676
15680
15693
15707
15713
15739
15776
15785
15800
15806
15813
15813
15842
15851
15855
15863
15865
15891
15906
15954
15955
15969
15974
15977
15984
15989
16026
16030
16034
16041
16052
16053
16054
16068
16074
16076
16088
16101
16104
16110
16117
16125
16152
16155
16162
16217
16221
16232
16237
16255
16277
16279
16288
16316
16321
16334
16361
16385
16396
16418
16443
16454
16462
16484
16485
16492
16493
16506
16506
16540
16551
16567
16604
16607
16611
16616
16621
16625
16626
16647
16651
16667
16676
16755
16767
16773
16793
16809
16839
16849
16851
16864
16888
16899
16906
16934
16939
16947
16983
17020
17043
17055
17068
17073
17081
17099
17104
17113
17124
17131
17132
17156
17161
17161
17178
17190
17194
17196
17197
17219
17228
17229
17253
17310
17321
17333
17334
17353
17375
17395
17398
17402
17405
17428
17437
17441
17452
17453
17458
17473
17474
17476
17478
17486
17511
17512
17514
17537
17542
17546
17561
17563
17566
17567
17568
17587
17593
17594
17609
17624
17624
17624
17625
17632
17641
17652
17673
17673
17674
17715
17716
17729
17759
17781
17785
17788
17846
17848
17855
17861
17870
17871
17871
17922
17927
17928
17945
17967
18019
18042
18046
18083
18086
18088
18090
18095
18095
18103
18107
18121
18123
18130
18135
18190
18196
18223
18233
18244
18245
18253
18277
18286
18308
18315
18320
18349
18367
18374
18381
18397
18424
18437
18438
18439
18451
18464
18479
18527
18543
18557
18560
18586
18593
18607
18616
18618
18623
18647
18663
18668
18684
18686
18689
18730
18732
18755
18779
18779
18780
18782
18784
18792
18812
18822
18852
18852
18877
18896
18971
18987
19003
19007
19013
19025
19065
19080
19081
19099
19113
19126
19134
19190
19223
19266
19286
19301
19310
19315
19320
19321
19353
19354
19356
19360
19361
19366
19389
19397
19424
19432
19432
19438
19443
19449
19467
19478
19499
19500
19513
19519
19527
19543
19561
19564
19582
19586
19592
19594
19601
19603
19627
19657
19661
19681
19688
19710
19730
19767
19785
19791
19809
19811
19816
19828
19830
19838
19838
19866
19902
19910
19912
19918
19974
19991
20009
20016
20017
20031
20051
20053
20065
20071
20090
20095
20109
20130
20153
20184
20222
20234
20247
20252
20255
20267
20274
20278
20292
20305
20315
20316
20319
20331
20343
20359
20377
20408
20425
20438
20450
20461
20464
20472
20478
20504
20520
20520
20526
20537
20542
20546
20558
20562
20589
20625
20657
20683
20732
20770
20779
20789
20789
20792
20792
20823
20847
20849
20861
20878
20922
20926
20947
20961
20961
20962
20968
20979
20981
21025
21038
21049
21062
21078
21088
21092
21100
21103
21108
21126
21143
21144
21156
21171
21177
21180
21200
21201
21219
21230
21232
21247
21247
21266
21286
21290
21291
21300
21317
21332
21352
21354
21360
21367
21369
21374
21377
21393
21400
21401
21404
21413
21420
21478
21483
21509
21517
21518
21527
21530
21532
21545
21547
21568
21590
21602
21628
21640
21653
21653
21677
21684
21710
21732
21738
21746
21756
21757
21759
21766
21774
21775
21790
21831
21844
21849
21849
21851
21862
21875
21876
21893
21910
21910
21928
21936
21944
21958
21973
21977
21985
22010
22011
22014
22014
22038
22041
22044
22045
22077
22083
22096
22100
22101
22103
22131
22149
22150
22180
22184
22185
22187
22210
22216
22225
22226
22227
22250
22255
22256
22258
22260
22261
22262
22266
22272
22294
22310
22337
22337
22384
22422
22426
22433
22459
22459
22460
22464
22470
22498
22514
22517
22535
22540
22586
22588
22626
22636
22650
22685
22706
22711
22714
22760
22768
22787
22793
22800
22800
22801
22807
22811
22817
22824
22825
22828
22864
22881
22887
22889
22897
22907
22921
22933
22937
22984
22985
22986
22992
22996
23022
23032
23078
23082
23098
23120
23131
23149
23157
23185
23231
23248
23256
23277
23277
23280
23290
23294
23299
23299
23348
23372
23378
23379
23391
23392
23420
23439
23447
23452
23455
23469
23479
23486
23486
23511
23516
23518
23530
23535
23537
23539
23553
23555
23560
23590
23610
23612
23628
23634
23634
23640
23644
23673
23674
23704
23707
23724
23729
23737
23751
23759
23761
23775
23779
23804
23807
23815
23817
23817
23822
23843
23869
23873
23923
23930
23934
23958
23978
23980
23993
24011
24013
24019
24020
24034
24041
24077
24088
24133
24151
24173
24179
24188
24193
24196
24213
24213
24227
24230
24240
24242
24250
24292
24295
24308
24312
24332
24339
24342
24342
24344
24354
24372
24374
24375
24384
24403
24414
24415
24444
24445
24450
24456
24459
24463
24464
24510
24521
24528
24553
24583
24585
24598
24601
24613
24620
24626
24631
24631
24657
24666
24668
24681
24698
24700
24714
24722
24782
24783
24796
24802
24810
24812
24813
24814
24816
24831
24847
24866
24870
24872
24884
24885
24888
24902
24907
24922
24926
24950
24961
24982
25002
25007
25021
25024
25069
25074
25080
25101
25123
25124
25145
25176
25182
25209
25250
25290
25300
25303
25314
25324
25349
25359
25367
25393
25419
25442
25455
25457
25457
25470
25471
25476
25476
25493
25496
25496
25511
25512
25525
25550
25567
25567
25569
25576
25580
25589
25598
25618
25653
25667
25691
25693
25704
25708
25713
25756
25759
25765
25775
25850
25856
25882
25892
25898
25904
25906
25909
25920
25927
25946
25957
25961
25965
25973
25991
25997
26007
26010
26012
26014
26045
26053
26058
26065
26066
26069
26069
26077
26085
26116
26130
26133
26133
26140
26146
26152
26154
26176
26178
26182
26183
26187
26209
26226
26231
26233
26277
26282
26286
26296
26301
26323
26357
26358
26367
26391
26393
26409
26462
26463
26479
26487
26499
26537
26581
26589
26589
26598
26600
26621
26633
26633
26676
26690
26698
26716
26719
26728
26767
26772
26798
26801
26821
26826
26826
26861
26870
26948
26952
26963
26980
26986
26994
26998
27005
27014
27017
27072
27099
27107
27110
27115
27117
27125
27127
27136
27138
27143
27150
27150
27152
27156
27180
27182
27200
27201
27212
27216
27230
27231
27237
27241
27250
27266
27275
27292
27296
27312
27360
27372
27396
27416
27426
27445
27483
27501
27521
27544
27550
27555
27570
27587
27589
27600
27609
27615
27638
27644
27685
27697
27710
27720
27730
27749
27750
27755
27761
27791
27810
27812
27814
27826
27851
27853
27956
27959
27966
28010
28046
28100
28115
28134
28139
28140
28143
28182
28186
28192
28196
28199
28215
28228
28241
28252
28254
28289
28292
28311
28347
28389
28411
28444
28449
28481
28484
28490
28506
28516
28553
28560
28568
28580
28596
28601
28604
28621
28632
28641
28643
28664
28665
28699
28732
28736
28750
28761
28767
28793
28794
28797
28803
28827
28843
28860
28866
28872
28875
28932
28932
28935
28947
28969
28982
29018
29019
29045
29048
29094
29122
29125
29135
29154
29169
29169
29190
29190
29192
29223
29241
29256
29257
29263
29290
29302
29318
29327
29336
29336
29339
29349
29351
29370
29380
29417
29442
29462
29471
29475
29484
29518
29537
29546
29577
29590
29596
29597
29614
29661
29670
29675
29719
29726
29727
29731
29750
29771
29773
29799
29806
29807
29807
29834
29836
29845
29877
29900
29903
29913
29913
29914
29938
29964
29969
29990
29996
30000
30003
30053
30058
30066
30072
30111
30117
30121
30124
30126
30127
30157
30167
30200
30201
30203
30215
30228
30234
30236
30255
30259
30285
30295
30297
30323
30328
30345
30348
30348
30351
30351
30354
30368
30382
30397
30411
30421
30422
30428
30437
30446
30453
30464
30520
30531
30538
30585
30587
30603
30620
30628
30647
30653
30658
30674
30700
30708
30715
30732
30739
30740
30745
30760
30772
30780
30782
30798
30802
30862
30863
30868
30884
30905
30908
30918
30919
30928
30938
30941
30948
30964
30972
30977
31074
31086
31098
31102
31120
31150
31154
31183
31190
31193
31220
31225
31236
31252
31254
31280
31298
31302
31310
31341
31371
31382
31412
31431
31432
31445
31448
31450
31460
31501
31533
31544
31561
31580
31608
31630
31661
31673
31688
31692
31694
31734
31734
31742
31756
31776
31786
31788
31817
31832
31837
31856
31859
31860
31863
31899
31902
31911
31915
31917
31923
31934
31937
31955
31970
31984
31986
31996
31997
31998
32014
32023
32034
32048
32051
32052
32054
32055
32058
32065
32072
32073
32075
32104
32116
32117
32124
32143
32153
32168
32169
32182
32193
32209
32214
32224
32230
32230
32247
32249
32254
32275
32283
32286
32290
32301
32302
32315
32330
32330
32335
32342
32342
32350
32356
32357
32360
32376
32377
32406
32411
32426
32490
32494
32499
32527
32528
32547
32549
32549
32553
32555
32557
32563
32613
32613
32656
32656
32727
32736
32753

