2
37
38
42
47
51
57
98
100
104
120
140
144
145
148
160
194
206
227
232
234
238
241
241
248
277
282
283
294
300
306
306
308
335
348
351
354
356
394
415
415
422
429
430
465
488
555
560
561
570
577
584
585
593
594
604
624
624
628
671
677
679
682
690
718
729
733
734
760
761
773
818
820
827
830
847
849
855
860
917
933
937
970
978
985
993
993
1037
1038
1039
1069
1105
1126
1128
1139
1164
1170
1192
1200
1214
1217
1218
1222
1238
1260
1291
1293
1311
1335
1374
1381
1390
1395
1405
1407
1408
1419
1420
1434
1439
1472
1484
1499
1507
1510
1512
1519
1523
1534
1535
1542
1543
1555
1561
1562
1573
1574
1592
1599
1632
1638
1638
1638
1651
1663
1672
1715
1719
1741
1750
1750
1777
1786
1803
1820
1830
1833
1841
1842
1865
1887
1907
1924
1933
1939
1969
1988
1999
2015
2024
2037
2049
2054
2075
2077
2090
2100
2113
2119
2128
2150
2160
2165
2204
2207
2227
2248
2255
2296
2300
2302
2317
2319
2331
2351
2403
2427
2429
2443
2445
2445
2470
2473
2481
2485
2489
2491
2515
2526
2535
2547
2558
2562
2566
2587
2600
2606
2611
2641
2646
2650
2661
2680
2682
2705
2721
2737
2738
2753
2782
2783
2832
2833
2846
2853
2856
2879
2880
2881
2889
2891
2891
2926
2928
2945
2946
2955
2975
3011
3015
3042
3042
3074
3077
3091
3108
3117
3119
3136
3143
3169
3190
3202
3202
3277
3288
3311
3313
3328
3332
3343
3392
3395
3425
3434
3443
3465
3484
3495
3511
3515
3523
3531
3543
3554
3592
3594
3608
3643
3645
3680
3689
3735
3741
3749
3751
3753
3767
3775
3780
3790
3811
3873
3906
3915
3917
3921
3925
3927
3932
3950
3980
3998
4003
4013
4014
4019
4023
4033
4038
4042
4067
4071
4072
4093
4098
4109
4126
4127
4147
4148
4153
4161
4201
4214
4214
4224
4249
4275
4276
4292
4302
4305
4319
4336
4353
4362
4367
4374
4379
4408
4418
4442
4446
4469
4470
4472
4479
4493
4510
4526
4533
4539
4556
4572
4575
4579
4583
4586
4586
4587
4603
4608
4615
4623
4640
4658
4671
4677
4690
4721
4724
4750
4751
4761
4767
4768
4768
4792
4795
4850
4861
4863
4871
4915
4960
4968
4982
4987
5005
5020
5038
5039
5042
5046
5084
5131
5138
5152
5163
5193
5200
5202
5204
5215
5221
5234
5259
5272
5273
5275
5280
5298
5327
5328
5355
5355
5366
5373
5379
5385
5393
5399
5401
5415
5436
5462
5467
5481
5488
5490
5495
5507
5507
5521
5534
5556
5558
5563
5586
5591
5595
5611
5621
5626
5656
5669
5678
5681
5693
5704
5715
5718
5724
5739
5759
5759
5777
5781
5792
5799
5803
5804
5810
5821
5837
5850
5853
5863
5888
5897
5903
5916
5923
5944
5973
5988
5993
6012
6028
6031
6040
6041
6059
6068
6075
6087
6099
6112
6127
6148
6159
6170
6185
6197
6200
6215
6223
6226
6238
6261
6290
6293
6317
6338
6339
6355
6365
6365
6369
6377
6378
6393
6426
6431
6438
6463
6464
6466
6484
6509
6569
6570
6578
6579
6582
6593
6615
6642
6670
6682
6704
6720
6738
6744
6783
6786
6791
6802
6807
6811
6814
6826
6840
6841
6849
6868
6879
6885
6895
6903
6906
6907
6914
6943
6954
6964
6970
6975
7039
7068
7078
7079
7081
7093
7099
7120
7136
7161
7173
7180
7189
7203
7206
7206
7215
7229
7241
7250
7254
7267
7278
7301
7308
7327
7330
7335
7336
7340
7343
7383
7384
7396
7407
7408
7412
7434
7448
7477
7496
7499
7505
7524
7526
7526
7531
7555
7557
7579
7583
7600
7602
7630
7663
7667
7679
7690
7705
7709
7742
7754
7754
7766
7805
7815
7818
7828
7838
7849
7854
7860
7882
7886
7908
7937
7947
7968
7981
7982
7985
8024
8038
8042
8043
8049
8053
8074
8077
8078
8083
8095
8119
8162
8164
8166
8172
8179
8180
8237
8244
8259
8273
8273
8283
8284
8307
8307
8326
8329
8344
8350
8351
8361
8365
8371
8380
8381
8399
8399
8432
8444
8469
8500
8510
8513
8565
8573
8575
8578
8586
8599
8610
8619
8625
8631
8663
8670
8695
8719
8722
8774
8791
8798
8800
8807
8808
8814
8818
8851
8854
8866
8885
8889
8898
8928
8932
8938
8947
8965
8973
8980
8983
8990
8996
9005
9019
9023
9048
9049
9050
9069
9079
9092
9116
9146
9168
9179
9193
9210
9233
9257
9260
9265
9266
9301
9308
9311
9314
9320
9343
9369
9374
9379
9394
9416
9459
9470
9519
9525
9541
9551
9559
9580
9599
9611
9628
9629
9637
9645
9651
9652
9680
9682
9708
9720
9738
9742
9767
9772
9786
9802
9815
9816
9836
9841
9842
9856
9866
9873
9874
9893
9896
9899
9953
9954
9965
9972
9977
9980
9981
9996
10027
10034
10036
10087
10148
10160
10167
10176
10189
10206
10238
10244
10245
10256
10271
10282
10335
10351
10361
10374
10386
10402
10410
10416
10431
10462
10463
10477
10509
10510
10518
10521
10529
10536
10540
10540
10542
10547
10560
10567
10596
10625
10638
10652
10664
10721
10737
10778
10844
10854
10876
10883
10888
10894
10904
10911
10916
10943
10949
11009
11010
11020
11028
11061
11089
11092
11137
11151
11154
11157
11184
11196
11209
11216
11226
11230
11231
11245
11252
11257
11259
11264
11280
11295
11298
11313
11314
11328
11331
11354
11356
11357
11362
11362
11384
11391
11430
11430
11439
11449
11476
11478
11480
11498
11506
11528
11563
11577
11599
11619
11645
11651
11668
11710
11713
11760
11768
11796
11877
11880
11880
11905
11929
11933
11934
11976
12006
12010
12011
12015
12033
12051
12053
12058
12074
12081
12083
12088
12091
12121
12141
12142
12154
12180
12188
12237
12267
12268
12271
12371
12372
12401
12416
12420
12437
12441
12507
12548
12572
12603
12604
12605
12613
12615
12639
12650
12663
12669
12686
12694
12695
12732
12733
12747
12758
12767
12772
12772
12774
12775
12780
12794
12795
12797
12803
12832
12836
12838
12843
12864
12871
12884
12901
12945
12947
12954
12988
13021
13022
13026
13033
13054
13066
13072
13079
13115
13133
13152
13167
13191
13199
13199
13214
13225
13228
13237
13263
13283
13292
13308
13312
13314
13319
13333
13343
13345
13366
13368
13386
13390
13390
13412
13429
13455
13499
13506
13517
13527
13527
13551
13560
13561
13575
13589
13590
13598
13600
13607
13617
13695
13706
13709
13716
13733
13735
13737
13739
13748
13759
13771
13776
13781
13791
13803
13817
13868
13871
13872
13890
13893
13901
13916
13938
13957
13968
13989
13991
13997
14000
14030
14038
14063
14063
14068
14086
14086
14118
14118
14119
14128
14133
14137
14148
14184
14218
14227
14228
14246
14255
14257
14274
14294
14310
14327
14350
14352
14355
14430
14446
14464
14482
14485
14488
14489
14490
14513
14527
14549
14552
14595
14607
14617
14626
14633
14661
14663
14682
14692
14702
14720
14737
14766
14805
14812
14840
14884
14889
14891
14894
14923
14925
14966
14967
14973
14981
14989
14991
14997
15001
15006
15017
15024
15028
15029
15038
15043
15089
15092
15096
15115
15117
15137
15163
15165
15168
15180
15196
15201
15204
15225
15250
15258
15263
15275
15306
15314
15326
15382
15390
15399
15401
15412
15424
15426
15430
15442
15447
15449
15452
15459
15477
15478
15482
15491
15498
15532
15534
15555
15565
15586
15610
15640
15649
15656
15690
15695
15697
15729
15741
15771
15773
15798
15821
15836
15853
15854
15905
15909
15923
15933
15962
15970
15988
16001
16004
16007
16007
16017
16028
16030
16035
16082
16094
16120
16132
16137
16142
16173
16185
16202
16213
16216
16224
16242
16259
16262
16308
16346
16347
16352
16355
16359
16381
16433
16440
16441
16447
16449
16450
16455
16455
16476
16478
16502
16532
16536
16555
16596
16630
16638
16645
16670
16672
16708
16733
16741
16745
16745
16782
16789
16796
16797
16806
16825
16838
16842
16857
16861
16862
16871
16897
16913
16913
16921
16931
16939
16955
16972
16973
16984
16989
16996
16997
17005
17010
17020
17023
17038
17038
17055
17063
17069
17083
17089
17103
17105
17115
17149
17164
17182
17204
17204
17263
17285
17291
17304
17305
17319
17320
17325
17333
17345
17346
17351
17353
17371
17376
17392
17416
17422
17443
17456
17465
17493
17511
17522
17549
17564
17570
17583
17584
17586
17590
17611
17632
17633
17640
17644
17651
17671
17695
17717
17755
17781
17788
17790
17802
17804
17811
17811
17816
17819
17840
17865
17897
17902
17908
17934
17945
17963
17969
17976
17979
17997
18002
18009
18014
18015
18017
18020
18026
18027
18030
18033
18036
18056
18068
18071
18088
18103
18110
18114
18121
18129
18130
18131
18153
18179
18192
18195
18196
18206
18207
18212
18213
18220
18222
18227
18254
18259
18266
18271
18273
18275
18276
18289
18290
18320
18344
18365
18369
18408
18420
18422
18460
18463
18472
18476
18497
18504
18516
18523
18527
18551
18567
18595
18623
18668
18671
18678
18687
18698
18724
18728
18744
18745
18757
18783
18792
18798
18804
18809
18833
18841
18883
18886
18949
18962
18969
18985
19006
19018
19023
19028
19044
19057
19063
19071
19083
19084
19085
19093
19097
19101
19104
19107
19108
19148
19166
19174
19195
19203
19232
19254
19265
19290
19302
19313
19314
19327
19334
19349
19350
19352
19358
19371
19376
19383
19402
19420
19425
19425
19443
19462
19475
19489
19511
19533
19563
19595
19603
19613
19616
19635
19638
19645
19647
19658
19665
19671
19695
19696
19697
19698
19702
19711
19713
19718
19723
19740
19773
19779
19785
19788
19795
19801
19820
19827
19828
19837
19855
19861
19873
19879
19888
19896
19929
19959
19961
19964
19965
19966
19986
19986
19990
20000
20015
20016
20020
20021
20072
20091
20096
20103
20110
20111
20132
20142
20145
20160
20161
20173
20174
20197
20212
20214
20217
20225
20234
20271
20279
20299
20331
20334
20365
20383
20394
20410
20437
20438
20443
20450
20458
20471
20500
20504
20531
20545
20547
20559
20574
20592
20603
20607
20661
20663
20681
20696
20738
20740
20742
20750
20758
20760
20768
20795
20819
20839
20843
20872
20879
20937
20938
20938
20956
20987
20995
21027
21035
21037
21081
21085
21092
21127
21136
21144
21153
21190
21192
21249
21256
21263
21280
21287
21293
21295
21302
21310
21314
21338
21344
21345
21361
21373
21408
21415
21437
21444
21459
21464
21501
21512
21552
21567
21596
21626
21641
21660
21668
21674
21681
21700
21705
21714
21715
21721
21729
21739
21741
21752
21759
21764
21779
21780
21795
21796
21805
21807
21846
21859
21882
21892
21898
21916
21919
21934
21964
21979
21991
21995
22000
22040
22040
22046
22051
22073
22075
22075
22083
22086
22086
22122
22151
22166
22168
22217
22218
22224
22227
22247
22260
22270
22276
22277
22307
22321
22347
22370
22372
22402
22404
22413
22431
22432
22441
22503
22515
22527
22553
22559
22562
22563
22565
22585
22594
22598
22600
22611
22613
22633
22641
22650
22653
22671
22722
22728
22735
22832
22843
22846
22850
22891
22927
22941
22944
22947
22960
22974
22985
22988
22998
23027
23033
23044
23067
23085
23087
23100
23103
23116
23147
23147
23154
23158
23189
23192
23204
23206
23228
23254
23277
23285
23286
23352
23354
23366
23368
23398
23432
23439
23469
23475
23482
23485
23488
23496
23501
23525
23534
23561
23614
23631
23634
23643
23654
23686
23696
23699
23732
23733
23734
23750
23756
23758
23766
23783
23800
23824
23846
23866
23885
23922
23924
23942
23944
23945
23948
23953
23987
23997
23998
24004
24004
24007
24010
24012
24016
24091
24104
24115
24123
24145
24159
24168
24169
24177
24213
24239
24258
24271
24285
24305
24306
24311
24314
24320
24333
24337
24376
24416
24419
24422
24426
24433
24435
24464
24466
24468
24469
24482
24497
24500
24502
24506
24512
24540
24551
24555
24559
24580
24583
24601
24663
24664
24667
24684
24690
24691
24714
24718
24724
24727
24728
24751
24751
24769
24769
24789
24791
24792
24805
24811
24828
24847
24865
24885
24897
24902
24902
24910
24928
24946
24951
24983
24991
24997
25005
25011
25052
25082
25083
25087
25090
25116
25116
25136
25136
25154
25156
25179
25202
25206
25209
25218
25218
25224
25226
25247
25258
25260
25269
25277
25281
25314
25322
25325
25326
25339
25345
25361
25374
25377
25377
25381
25383
25414
25428
25445
25451
25453
25458
25470
25475
25499
25515
25516
25520
25528
25533
25540
25547
25554
25559
25572
25615
25616
25648
25654
25673
25684
25700
25715
25743
25777
25786
25788
25801
25803
25813
25819
25861
25875
25877
25882
25883
25901
25908
25920
25932
25946
25951
25973
25982
25984
26000
26002
26003
26003
26005
26013
26019
26048
26062
26073
26088
26097
26111
26125
26165
26184
26188
26190
26196
26198
26211
26228
26236
26250
26252
26260
26269
26298
26315
26372
26374
26394
26401
26436
26450
26451
26452
26465
26487
26491
26508
26511
26515
26518
26540
26541
26553
26556
26576
26588
26609
26613
26632
26640
26645
26662
26669
26675
26676
26739
26742
26746
26754
26777
26778
26803
26804
26817
26846
26846
26852
26861
26884
26894
26909
26934
26961
26965
26991
26992
27033
27039
27042
27060
27069
27103
27105
27111
27115
27120
27147
27155
27160
27181
27184
27202
27202
27206
27211
27242
27257
27266
27269
27300
27348
27355
27366
27370
27396
27403
27430
27431
27449
27450
27457
27461
27462
27506
27512
27514
27515
27561
27565
27587
27593
27615
27628
27628
27632
27651
27654
27671
27704
27727
27735
27741
27749
27751
27757
27800
27839
27869
27869
27875
27881
27888
27896
27911
27911
27914
27953
28006
28033
28062
28074
28098
28113
28121
28125
28126
28132
28154
28179
28192
28223
28231
28233
28235
28244
28248
28264
28290
28290
28312
28315
28324
28341
28381
28383
28394
28416
28420
28424
28435
28444
28464
28468
28471
28487
28498
28524
28529
28542
28548
28553
28554
28588
28596
28597
28610
28610
28613
28614
28635
28653
28673
28691
28713
28721
28754
28762
28775
28786
28791
28808
28819
28829
28832
28857
28861
28881
28924
28946
28953
28960
28967
28978
28985
28996
29000
29027
29046
29049
29051
29071
29080
29088
29095
29097
29111
29128
29137
29139
29171
29177
29184
29206
29218
29218
29229
29235
29240
29284
29310
29328
29337
29341
29346
29355
29393
29399
29405
29407
29415
29433
29450
29457
29459
29474
29499
29500
29501
29511
29516
29526
29531
29532
29541
29556
29570
29592
29604
29616
29619
29628
29628
29646
29695
29695
29696
29697
29698
29711
29731
29755
29775
29787
29823
29841
29863
29871
29882
29901
29901
29912
29926
29928
29947
29960
30005
30028
30030
30034
30051
30080
30094
30105
30105
30108
30110
30123
30168
30181
30190
30193
30199
30205
30227
30252
30252
30307
30319
30323
30324
30349
30380
30394
30414
30416
30421
30445
30446
30446
30451
30457
30475
30478
30485
30496
30506
30510
30524
30531
30539
30539
30543
30558
30568
30571
30573
30582
30586
30596
30601
30608
30648
30650
30650
30660
30735
30775
30790
30800
30801
30815
30838
30840
30846
30864
30874
30879
30929
30930
30947
30953
30965
30967
30969
30984
30991
31000
31018
31041
31069
31075
31076
31084
31090
31092
31110
31114
31125
31128
31128
31128
31175
31175
31214
31214
31214
31215
31225
31235
31238
31240
31247
31255
31255
31263
31276
31292
31310
31334
31336
31339
31343
31346
31367
31389
31428
31441
31452
31461
31485
31518
31521
31524
31554
31556
31558
31570
31619
31620
31624
31631
31633
31640
31664
31668
31682
31686
31693
31697
31751
31757
31762
31763
31768
31768
31773
31774
31783
31792
31842
31879
31900
31901
31907
31920
31935
31971
31980
31996
31999
32003
32018
32031
32034
32040
32062
32071
32089
32101
32118
32125
32133
32177
32179
32200
32216
32220
32223
32249
32257
32258
32283
32303
32326
32340
32385
32390
32393
32402
32408
32466
32471
32502
32521
32528
32572
32574
32577
32610
32619
32621
32621
32646
32671
32673
32681
32693
32710
32727
32748
32765

